0.500000 0.027902
0.500867 0.028966
0.501736 0.030029
0.502606 0.031092
0.503478 0.032153
0.504351 0.032652
0.505226 0.032610
0.506102 0.032567
0.506980 0.032525
0.507859 0.032482
0.508740 0.032440
0.509622 0.032398
0.510506 0.032356
0.511391 0.032313
0.512278 0.032271
0.513167 0.032229
0.514057 0.032187
0.514948 0.032145
0.515842 0.032103
0.516736 0.032061
0.517632 0.032020
0.518530 0.031978
0.519430 0.031936
0.520330 0.031894
0.521233 0.031853
0.522137 0.031811
0.523042 0.031770
0.523950 0.031728
0.524858 0.031687
0.525769 0.031646
0.526681 0.031604
0.527594 0.031563
0.528509 0.031522
0.529426 0.031481
0.530344 0.031440
0.531264 0.031399
0.532185 0.031358
0.533108 0.031317
0.534033 0.031276
0.534959 0.031235
0.535887 0.031194
0.536816 0.031153
0.537747 0.031113
0.538680 0.031072
0.539614 0.031032
0.540550 0.030991
0.541488 0.030951
0.542427 0.030910
0.543367 0.030870
0.544310 0.030829
0.545254 0.030789
0.546200 0.030749
0.547147 0.030709
0.548096 0.030669
0.549046 0.030629
0.549999 0.030589
0.550953 0.030549
0.551908 0.030509
0.552865 0.030469
0.553824 0.030429
0.554785 0.030389
0.555747 0.030349
0.556711 0.030310
0.557676 0.030270
0.558644 0.030231
0.559612 0.030191
0.560583 0.030152
0.561555 0.030112
0.562529 0.030073
0.563505 0.030033
0.564482 0.029994
0.565461 0.029955
0.566442 0.029916
0.567424 0.029877
0.568408 0.029837
0.569394 0.029798
0.570382 0.029759
0.571371 0.029720
0.572362 0.029682
0.573355 0.029643
0.574349 0.029604
0.575345 0.029565
0.576343 0.029527
0.577343 0.029488
0.578344 0.029449
0.579347 0.029411
0.580352 0.029372
0.581359 0.029334
0.582367 0.029295
0.583377 0.029257
0.584389 0.029219
0.585402 0.029180
0.586417 0.029142
0.587435 0.029104
0.588453 0.029066
0.589474 0.029028
0.590496 0.028990
0.591520 0.028952
0.592546 0.028914
0.593574 0.028876
0.594604 0.028838
0.595635 0.028800
0.596668 0.028763
0.597703 0.028725
0.598739 0.028687
0.599778 0.028650
0.600818 0.028612
0.601860 0.028575
0.602904 0.028537
0.603950 0.028500
0.604997 0.028462
0.606046 0.028425
0.607097 0.028388
0.608150 0.028351
0.609205 0.028313
0.610262 0.028276
0.611320 0.028239
0.612380 0.028202
0.613442 0.028165
0.614506 0.028128
0.615572 0.028091
0.616640 0.028054
0.617709 0.028018
0.618781 0.027981
0.619854 0.027944
0.620929 0.027908
0.622006 0.027871
0.623085 0.027834
0.624165 0.027798
0.625248 0.027761
0.626332 0.027725
0.627419 0.027688
0.628507 0.027652
0.629597 0.027616
0.630689 0.027580
0.631783 0.027543
0.632878 0.027507
0.633976 0.027471
0.635075 0.027435
0.636177 0.027399
0.637280 0.027363
0.638386 0.027327
0.639493 0.027291
0.640602 0.027255
0.641713 0.027219
0.642826 0.027184
0.643941 0.027148
0.645058 0.027112
0.646176 0.027077
0.647297 0.027041
0.648420 0.027006
0.649544 0.026970
0.650671 0.026935
0.651799 0.026899
0.652930 0.026864
0.654062 0.026828
0.655197 0.026793
0.656333 0.026758
0.657471 0.026723
0.658612 0.026688
0.659754 0.026653
0.660898 0.026618
0.662044 0.026583
0.663193 0.026548
0.664343 0.026513
0.665495 0.026478
0.666649 0.026443
0.667806 0.026408
0.668964 0.026373
0.670124 0.026339
0.671286 0.026304
0.672451 0.026269
0.673617 0.026235
0.674785 0.026200
0.675955 0.026166
0.677128 0.026131
0.678302 0.026097
0.679479 0.026063
0.680657 0.026028
0.681838 0.025994
0.683020 0.025960
0.684205 0.025926
0.685391 0.025891
0.686580 0.025857
0.687771 0.025823
0.688964 0.025789
0.690159 0.025755
0.691356 0.025721
0.692555 0.025687
0.693756 0.025654
0.694959 0.025620
0.696164 0.025586
0.697372 0.025552
0.698581 0.025519
0.699793 0.025485
0.701007 0.025451
0.702222 0.025418
0.703440 0.025384
0.704660 0.025351
0.705883 0.025317
0.707107 0.025284
0.708333 0.025251
0.709562 0.025217
0.710792 0.025184
0.712025 0.025151
0.713260 0.025118
0.714497 0.025085
0.715736 0.025052
0.716978 0.025019
0.718221 0.024986
0.719467 0.024953
0.720715 0.024920
0.721965 0.024887
0.723217 0.024854
0.724471 0.024821
0.725728 0.024788
0.726986 0.024756
0.728247 0.024723
0.729510 0.024690
0.730775 0.024658
0.732043 0.024625
0.733312 0.024593
0.734584 0.024560
0.735858 0.024528
0.737135 0.024495
0.738413 0.024463
0.739694 0.024431
0.740977 0.024398
0.742262 0.024366
0.743549 0.024334
0.744839 0.024302
0.746131 0.024270
0.747425 0.024238
0.748721 0.024206
0.750019 0.024174
0.751320 0.024142
0.752623 0.024110
0.753929 0.024078
0.755236 0.024046
0.756546 0.024014
0.757858 0.023983
0.759173 0.023951
0.760489 0.023919
0.761808 0.023888
0.763130 0.023856
0.764453 0.023824
0.765779 0.023793
0.767107 0.023762
0.768438 0.023730
0.769770 0.023699
0.771105 0.023667
0.772443 0.023636
0.773782 0.023605
0.775125 0.023574
0.776469 0.023542
0.777816 0.023511
0.779165 0.023480
0.780516 0.023449
0.781870 0.023418
0.783226 0.023387
0.784584 0.023356
0.785945 0.023325
0.787308 0.023294
0.788673 0.023263
0.790041 0.023233
0.791412 0.023202
0.792784 0.023171
0.794159 0.023140
0.795536 0.023110
0.796916 0.023079
0.798298 0.023049
0.799683 0.023018
0.801070 0.022988
0.802459 0.022957
0.803851 0.022927
0.805245 0.022896
0.806642 0.022866
0.808041 0.022836
0.809442 0.022805
0.810846 0.022775
0.812252 0.022745
0.813661 0.022715
0.815072 0.022685
0.816486 0.022655
0.817902 0.022625
0.819321 0.022595
0.820742 0.022565
0.822165 0.022535
0.823591 0.022505
0.825019 0.022475
0.826450 0.022445
0.827884 0.022415
0.829320 0.022386
0.830758 0.022356
0.832199 0.022326
0.833642 0.022297
0.835088 0.022267
0.836536 0.022237
0.837987 0.022208
0.839441 0.022178
0.840896 0.022149
0.842355 0.022120
0.843816 0.022090
0.845279 0.022061
0.846745 0.022032
0.848214 0.022002
0.849685 0.021973
0.851159 0.021944
0.852635 0.021915
0.854114 0.021886
0.855595 0.021857
0.857079 0.021828
0.858565 0.021799
0.860055 0.021770
0.861546 0.021741
0.863040 0.021712
0.864537 0.021683
0.866037 0.021654
0.867539 0.021625
0.869043 0.021597
0.870551 0.021568
0.872060 0.021539
0.873573 0.021511
0.875088 0.021482
0.876606 0.021453
0.878126 0.021425
0.879649 0.021396
0.881175 0.021368
0.882703 0.021340
0.884234 0.021311
0.885768 0.021283
0.887304 0.021255
0.888843 0.021226
0.890384 0.021198
0.891929 0.021170
0.893475 0.021142
0.895025 0.021114
0.896577 0.021085
0.898132 0.021057
0.899690 0.021029
0.901250 0.021001
0.902814 0.020973
0.904379 0.020945
0.905948 0.020918
0.907519 0.020890
0.909093 0.020862
0.910670 0.020834
0.912249 0.020806
0.913831 0.020779
0.915416 0.020751
0.917004 0.020723
0.918594 0.020696
0.920188 0.020668
0.921784 0.020641
0.923382 0.020613
0.924984 0.020586
0.926588 0.020558
0.928195 0.020531
0.929805 0.020503
0.931418 0.020476
0.933033 0.020449
0.934651 0.020422
0.936272 0.020394
0.937896 0.020367
0.939523 0.020340
0.941152 0.020313
0.942785 0.020286
0.944420 0.020259
0.946058 0.020232
0.947698 0.020205
0.949342 0.020178
0.950989 0.020151
0.952638 0.020124
0.954290 0.020097
0.955945 0.020070
0.957603 0.020044
0.959264 0.020017
0.960928 0.019990
0.962594 0.019963
0.964264 0.019937
0.965936 0.019910
0.967612 0.019884
0.969290 0.019857
0.970971 0.019830
0.972655 0.019804
0.974342 0.019778
0.976032 0.019751
0.977725 0.019725
0.979420 0.019698
0.981119 0.019672
0.982821 0.019646
0.984525 0.019620
0.986233 0.019593
0.987943 0.019567
0.989657 0.019541
0.991373 0.019515
0.993092 0.019489
0.994815 0.019463
0.996540 0.019722
0.998269 0.020799
1.000000 0.021874
1.001734 0.022949
1.003472 0.024022
1.005212 0.024268
1.006956 0.024238
1.008702 0.024208
1.010451 0.024178
1.012204 0.024148
1.013959 0.024118
1.015718 0.024088
1.017480 0.024058
1.019244 0.024028
1.021012 0.023998
1.022783 0.023968
1.024557 0.023938
1.026334 0.023909
1.028114 0.023879
1.029897 0.023849
1.031683 0.023820
1.033472 0.023790
1.035265 0.023761
1.037060 0.023731
1.038859 0.023701
1.040661 0.023672
1.042466 0.023643
1.044274 0.023613
1.046085 0.023584
1.047899 0.023554
1.049717 0.023525
1.051537 0.023496
1.053361 0.023467
1.055188 0.023437
1.057018 0.023408
1.058851 0.023379
1.060688 0.023350
1.062527 0.023321
1.064370 0.023292
1.066216 0.023263
1.068065 0.023234
1.069918 0.023205
1.071773 0.023176
1.073632 0.023147
1.075494 0.023118
1.077360 0.023090
1.079228 0.023061
1.081100 0.023032
1.082975 0.023003
1.084853 0.022975
1.086735 0.022946
1.088620 0.022918
1.090508 0.022889
1.092399 0.022860
1.094294 0.022832
1.096192 0.022803
1.098093 0.022775
1.099997 0.022747
1.101905 0.022718
1.103816 0.022690
1.105731 0.022662
1.107648 0.022633
1.109569 0.022605
1.111494 0.022577
1.113422 0.022549
1.115353 0.022521
1.117287 0.022492
1.119225 0.022464
1.121166 0.022436
1.123111 0.022408
1.125058 0.022380
1.127010 0.022352
1.128964 0.022324
1.130922 0.022296
1.132884 0.022269
1.134849 0.022241
1.136817 0.022213
1.138789 0.022185
1.140764 0.022158
1.142742 0.022130
1.144724 0.022102
1.146710 0.022075
1.148698 0.022047
1.150691 0.022019
1.152686 0.021992
1.154686 0.021964
1.156688 0.021937
1.158694 0.021909
1.160704 0.021882
1.162717 0.021855
1.164734 0.021827
1.166754 0.021800
1.168777 0.021773
1.170804 0.021745
1.172835 0.021718
1.174869 0.021691
1.176907 0.021664
1.178948 0.021637
1.180993 0.021610
1.183041 0.021583
1.185093 0.021556
1.187148 0.021529
1.189207 0.021502
1.191270 0.021475
1.193336 0.021448
1.195405 0.021421
1.197479 0.021394
1.199556 0.021367
1.201636 0.021340
1.203720 0.021314
1.205808 0.021287
1.207899 0.021260
1.209994 0.021234
1.212093 0.021207
1.214195 0.021180
1.216301 0.021154
1.218410 0.021127
1.220523 0.021101
1.222640 0.021074
1.224761 0.021048
1.226885 0.021021
1.229013 0.020995
1.231144 0.020969
1.233280 0.020942
1.235419 0.020916
1.237561 0.020890
1.239708 0.020864
1.241858 0.020837
1.244012 0.020811
1.246169 0.020785
1.248331 0.020759
1.250496 0.020733
1.252664 0.020707
1.254837 0.020681
1.257013 0.020655
1.259194 0.020629
1.261377 0.020603
1.263565 0.020577
1.265757 0.020551
1.267952 0.020525
1.270151 0.020499
1.272354 0.020474
1.274561 0.020448
1.276771 0.020422
1.278986 0.020396
1.281204 0.020371
1.283426 0.020345
1.285652 0.020320
1.287882 0.020294
1.290115 0.020268
1.292353 0.020243
1.294594 0.020217
1.296840 0.020192
1.299089 0.020167
1.301342 0.020141
1.303599 0.020116
1.305860 0.020090
1.308125 0.020065
1.310393 0.020040
1.312666 0.020015
1.314943 0.019989
1.317223 0.019964
1.319508 0.019939
1.321796 0.019914
1.324089 0.019889
1.326385 0.019864
1.328686 0.019839
1.330990 0.019814
1.333299 0.019789
1.335611 0.019764
1.337928 0.019739
1.340248 0.019714
1.342573 0.019689
1.344901 0.019664
1.347234 0.019639
1.349570 0.019615
1.351911 0.019590
1.354256 0.019565
1.356604 0.019540
1.358957 0.019516
1.361314 0.019491
1.363675 0.019466
1.366040 0.019442
1.368409 0.019417
1.370783 0.019393
1.373160 0.019368
1.375542 0.019344
1.377928 0.019319
1.380317 0.019295
1.382711 0.019271
1.385109 0.019246
1.387512 0.019222
1.389918 0.019198
1.392329 0.019173
1.394744 0.019149
1.397163 0.019125
1.399586 0.019101
1.402013 0.019077
1.404445 0.019052
1.406881 0.019028
1.409321 0.019004
1.411765 0.018980
1.414214 0.018956
1.416666 0.018932
1.419123 0.018908
1.421585 0.018884
1.424050 0.018860
1.426520 0.018836
1.428994 0.018813
1.431473 0.018789
1.433955 0.018765
1.436442 0.018741
1.438934 0.018717
1.441429 0.018694
1.443929 0.018670
1.446434 0.018646
1.448942 0.018623
1.451455 0.018599
1.453973 0.018576
1.456494 0.018552
1.459020 0.018529
1.461551 0.018505
1.464086 0.018482
1.466625 0.018458
1.469169 0.018435
1.471717 0.018411
1.474269 0.018388
1.476826 0.018365
1.479388 0.018341
1.481953 0.018318
1.484524 0.018295
1.487098 0.018272
1.489677 0.018248
1.492261 0.018225
1.494849 0.018202
1.497442 0.018752
1.500039 0.019831
1.502641 0.020910
1.505247 0.021420
1.507857 0.021394
1.510473 0.021368
1.513092 0.021342
1.515717 0.021316
1.518345 0.021291
1.520979 0.021265
1.523617 0.021239
1.526259 0.021214
1.528906 0.021188
1.531558 0.021162
1.534214 0.021137
1.536875 0.021111
1.539541 0.021086
1.542211 0.021060
1.544886 0.021035
1.547565 0.021009
1.550249 0.020984
1.552938 0.020958
1.555631 0.020933
1.558329 0.020908
1.561032 0.020882
1.563739 0.020857
1.566451 0.020832
1.569168 0.020806
1.571890 0.020781
1.574616 0.020756
1.577347 0.020731
1.580083 0.020706
1.582823 0.020681
1.585568 0.020656
1.588318 0.020631
1.591073 0.020606
1.593832 0.020581
1.596597 0.020556
1.599366 0.020531
1.602140 0.020506
1.604918 0.020481
1.607702 0.020456
1.610490 0.020431
1.613284 0.020406
1.616082 0.020382
1.618884 0.020357
1.621692 0.020332
1.624505 0.020307
1.627322 0.020283
1.630145 0.020258
1.632972 0.020233
1.635804 0.020209
1.638641 0.020184
1.641483 0.020160
1.644330 0.020135
1.647182 0.020111
1.650039 0.020086
1.652901 0.020062
1.655767 0.020038
1.658639 0.020013
1.661516 0.019989
1.664397 0.019965
1.667284 0.019940
1.670176 0.019916
1.673073 0.019892
1.675974 0.019868
1.678881 0.019843
1.681793 0.019819
1.684710 0.019795
1.687632 0.019771
1.690559 0.019747
1.693491 0.019723
1.696428 0.019699
1.699370 0.019675
1.702317 0.019651
1.705270 0.019627
1.708227 0.019603
1.711190 0.019579
1.714158 0.019555
1.717131 0.019531
1.720109 0.019508
1.723092 0.019484
1.726081 0.019460
1.729074 0.019436
1.732073 0.019413
1.735077 0.019389
1.738087 0.019365
1.741101 0.019342
1.744121 0.019318
1.747146 0.019294
1.750176 0.019271
1.753211 0.019247
1.756252 0.019224
1.759298 0.019200
1.762349 0.019177
1.765406 0.019153
1.768468 0.019130
1.771535 0.019107
1.774608 0.019083
1.777685 0.019060
1.780769 0.019037
1.783857 0.019013
1.786951 0.018990
1.790050 0.018967
1.793155 0.018944
1.796265 0.018921
1.799380 0.018897
1.802501 0.018874
1.805627 0.018851
1.808759 0.018828
1.811896 0.018805
1.815038 0.018782
1.818186 0.018759
1.821340 0.018736
1.824499 0.018713
1.827663 0.018690
1.830833 0.018667
1.834008 0.018644
1.837189 0.018622
1.840375 0.018599
1.843567 0.018576
1.846765 0.018553
1.849968 0.018530
1.853176 0.018508
1.856390 0.018485
1.859610 0.018462
1.862835 0.018440
1.866066 0.018417
1.869302 0.018395
1.872544 0.018372
1.875792 0.018349
1.879045 0.018327
1.882304 0.018304
1.885569 0.018282
1.888839 0.018259
1.892115 0.018237
1.895397 0.018215
1.898684 0.018192
1.901977 0.018170
1.905276 0.018148
1.908580 0.018125
1.911891 0.018103
1.915207 0.018081
1.918528 0.018059
1.921856 0.018036
1.925189 0.018014
1.928528 0.017992
1.931873 0.017970
1.935223 0.017948
1.938580 0.017926
1.941942 0.017904
1.945310 0.017882
1.948684 0.017860
1.952064 0.017838
1.955449 0.017816
1.958841 0.017794
1.962238 0.017772
1.965641 0.017750
1.969050 0.017728
1.972465 0.017706
1.975886 0.017685
1.979313 0.017663
1.982746 0.017641
1.986185 0.017619
1.989630 0.017598
1.993081 0.017576
1.996537 0.017696
2.000000 0.018777
2.003469 0.019857
2.006943 0.019972
2.010424 0.019948
2.013911 0.019924
2.017404 0.019901
2.020903 0.019877
2.024408 0.019853
2.027919 0.019830
2.031436 0.019806
2.034959 0.019783
2.038489 0.019759
2.042024 0.019736
2.045566 0.019712
2.049114 0.019689
2.052668 0.019665
2.056228 0.019642
2.059794 0.019619
2.063366 0.019595
2.066945 0.019572
2.070530 0.019549
2.074121 0.019525
2.077718 0.019502
2.081322 0.019479
2.084932 0.019456
2.088548 0.019432
2.092170 0.019409
2.095798 0.019386
2.099433 0.019363
2.103075 0.019340
2.106722 0.019317
2.110376 0.019294
2.114036 0.019271
2.117703 0.019248
2.121375 0.019225
2.125055 0.019202
2.128740 0.019179
2.132432 0.019156
2.136131 0.019133
2.139836 0.019110
2.143547 0.019088
2.147265 0.019065
2.150989 0.019042
2.154719 0.019019
2.158456 0.018997
2.162200 0.018974
2.165950 0.018951
2.169707 0.018929
2.173470 0.018906
2.177239 0.018883
2.181015 0.018861
2.184798 0.018838
2.188587 0.018816
2.192383 0.018793
2.196186 0.018771
2.199995 0.018748
2.203810 0.018726
2.207632 0.018703
2.211461 0.018681
2.215297 0.018659
2.219139 0.018636
2.222988 0.018614
2.226843 0.018592
2.230705 0.018569
2.234574 0.018547
2.238450 0.018525
2.242332 0.018503
2.246221 0.018481
2.250117 0.018458
2.254020 0.018436
2.257929 0.018414
2.261845 0.018392
2.265768 0.018370
2.269697 0.018348
2.273634 0.018326
2.277577 0.018304
2.281527 0.018282
2.285484 0.018260
2.289448 0.018238
2.293419 0.018216
2.297397 0.018194
2.301381 0.018173
2.305373 0.018151
2.309371 0.018129
2.313376 0.018107
2.317389 0.018085
2.321408 0.018064
2.325434 0.018042
2.329467 0.018020
2.333507 0.017999
2.337554 0.017977
2.341609 0.017955
2.345670 0.017934
2.349738 0.017912
2.353813 0.017891
2.357896 0.017869
2.361985 0.017848
2.366082 0.017826
2.370186 0.017805
2.374296 0.017783
2.378414 0.017762
2.382539 0.017740
2.386671 0.017719
2.390811 0.017698
2.394957 0.017676
2.399111 0.017655
2.403272 0.017634
2.407440 0.017613
2.411616 0.017591
2.415798 0.017570
2.419988 0.017549
2.424185 0.017528
2.428390 0.017507
2.432601 0.017485
2.436821 0.017464
2.441047 0.017443
2.445281 0.017422
2.449522 0.017401
2.453770 0.017380
2.458026 0.017359
2.462289 0.017338
2.466559 0.017317
2.470837 0.017296
2.475123 0.017276
2.479415 0.017255
2.483716 0.017234
2.488023 0.017213
2.492338 0.017192
2.496661 0.017316
2.500991 0.018398
2.505329 0.019117
2.509674 0.019095
2.514027 0.019072
