2.000000 0.02743000
3.000000 0.08072000
4.000000 0.14983000
5.000000 0.23769000
6.000000 0.32815000
7.000000 0.42348000
8.000000 0.51703000
9.000000 0.60345000
10.000000 0.68150000
11.000000 0.75416000
12.000000 0.81019000
13.000000 0.85713000
14.000000 0.89616000
15.000000 0.92489000
16.000000 0.94916000
17.000000 0.96350000
18.000000 0.97593000
19.000000 0.98400000
20.000000 0.98968000
21.000000 0.99346000
22.000000 0.99615000
23.000000 0.99761000
24.000000 0.99863000
25.000000 0.99907000
26.000000 0.99961000
27.000000 0.99976000
28.000000 0.99991000
29.000000 0.99995000
30.000000 0.99998000
31.000000 0.99999000
32.000000 1.00000000
