-1.000000 0.000000
-0.998999 0.001572
-0.997999 0.003143
-0.996998 0.004713
-0.995998 0.006282
-0.994997 0.007850
-0.993997 0.009416
-0.992996 0.010980
-0.991996 0.012541
-0.990995 0.014099
-0.989995 0.015653
-0.988994 0.017204
-0.987994 0.018751
-0.986993 0.020293
-0.985993 0.021830
-0.984992 0.023362
-0.983992 0.024889
-0.982991 0.026410
-0.981991 0.027924
-0.980990 0.029431
-0.979990 0.030932
-0.978989 0.032425
-0.977989 0.033910
-0.976988 0.035388
-0.975988 0.036856
-0.974987 0.038316
-0.973987 0.039767
-0.972986 0.041208
-0.971986 0.042639
-0.970985 0.044060
-0.969985 0.045471
-0.968984 0.046870
-0.967984 0.048258
-0.966983 0.049635
-0.965983 0.051000
-0.964982 0.052352
-0.963982 0.053692
-0.962981 0.055020
-0.961981 0.056333
-0.960980 0.057634
-0.959980 0.058920
-0.958979 0.060193
-0.957979 0.061451
-0.956978 0.062694
-0.955978 0.063922
-0.954977 0.065135
-0.953977 0.066332
-0.952976 0.067513
-0.951976 0.068678
-0.950975 0.069826
-0.949975 0.070957
-0.948974 0.072072
-0.947974 0.073169
-0.946973 0.074249
-0.945973 0.075310
-0.944972 0.076354
-0.943972 0.077379
-0.942971 0.078385
-0.941971 0.079373
-0.940970 0.080341
-0.939970 0.081291
-0.938969 0.082220
-0.937969 0.083130
-0.936968 0.084019
-0.935968 0.084889
-0.934967 0.085738
-0.933967 0.086566
-0.932966 0.087373
-0.931966 0.088159
-0.930965 0.088924
-0.929965 0.089668
-0.928964 0.090389
-0.927964 0.091089
-0.926963 0.091767
-0.925963 0.092423
-0.924962 0.093056
-0.923962 0.093667
-0.922961 0.094255
-0.921961 0.094820
-0.920960 0.095363
-0.919960 0.095882
-0.918959 0.096378
-0.917959 0.096850
-0.916958 0.097300
-0.915958 0.097725
-0.914957 0.098127
-0.913957 0.098505
-0.912956 0.098859
-0.911956 0.099189
-0.910955 0.099495
-0.909955 0.099776
-0.908954 0.100034
-0.907954 0.100267
-0.906953 0.100475
-0.905953 0.100660
-0.904952 0.100819
-0.903952 0.100954
-0.902951 0.101065
-0.901951 0.101150
-0.900950 0.101211
-0.899950 0.101248
-0.898949 0.101259
-0.897949 0.101246
-0.896948 0.101208
-0.895948 0.101146
-0.894947 0.101058
-0.893947 0.100946
-0.892946 0.100809
-0.891946 0.100647
-0.890945 0.100461
-0.889945 0.100250
-0.888944 0.100014
-0.887944 0.099753
-0.886943 0.099469
-0.885943 0.099159
-0.884942 0.098825
-0.883942 0.098467
-0.882941 0.098085
-0.881941 0.097678
-0.880940 0.097247
-0.879940 0.096793
-0.878939 0.096314
-0.877939 0.095811
-0.876938 0.095285
-0.875938 0.094735
-0.874937 0.094161
-0.873937 0.093565
-0.872936 0.092944
-0.871936 0.092301
-0.870935 0.091635
-0.869935 0.090946
-0.868934 0.090234
-0.867934 0.089500
-0.866933 0.088743
-0.865933 0.087964
-0.864932 0.087163
-0.863932 0.086340
-0.862931 0.085496
-0.861931 0.084630
-0.860930 0.083742
-0.859930 0.082834
-0.858929 0.081905
-0.857929 0.080955
-0.856928 0.079984
-0.855928 0.078993
-0.854927 0.077983
-0.853927 0.076952
-0.852926 0.075902
-0.851926 0.074832
-0.850925 0.073744
-0.849925 0.072636
-0.848924 0.071510
-0.847924 0.070366
-0.846923 0.069203
-0.845923 0.068023
-0.844922 0.066825
-0.843922 0.065610
-0.842921 0.064378
-0.841921 0.063129
-0.840920 0.061863
-0.839920 0.060582
-0.838919 0.059285
-0.837919 0.057972
-0.836918 0.056644
-0.835918 0.055300
-0.834917 0.053943
-0.833917 0.052571
-0.832916 0.051185
-0.831916 0.049785
-0.830915 0.048372
-0.829915 0.046946
-0.828914 0.045507
-0.827914 0.044055
-0.826913 0.042592
-0.825913 0.041117
-0.824912 0.039631
-0.823912 0.038133
-0.822911 0.036625
-0.821911 0.035107
-0.820910 0.033579
-0.819910 0.032041
-0.818909 0.030493
-0.817909 0.028937
-0.816908 0.027373
-0.815908 0.025800
-0.814907 0.024220
-0.813907 0.022632
-0.812906 0.021037
-0.811906 0.019435
-0.810905 0.017827
-0.809905 0.016213
-0.808904 0.014594
-0.807904 0.012970
-0.806903 0.011340
-0.805903 0.009707
-0.804902 0.008069
-0.803902 0.006428
-0.802901 0.004783
-0.801901 0.003136
-0.800900 0.001486
-0.799900 0.000165
-0.798899 0.001819
-0.797899 0.003473
-0.796898 0.005129
-0.795898 0.006785
-0.794897 0.008441
-0.793897 0.010096
-0.792896 0.011751
-0.791896 0.013405
-0.790895 0.015058
-0.789895 0.016708
-0.788894 0.018356
-0.787894 0.020002
-0.786893 0.021644
-0.785893 0.023283
-0.784892 0.024918
-0.783892 0.026548
-0.782891 0.028174
-0.781891 0.029795
-0.780890 0.031411
-0.779890 0.033020
-0.778889 0.034623
-0.777889 0.036220
-0.776888 0.037810
-0.775888 0.039392
-0.774887 0.040966
-0.773887 0.042532
-0.772886 0.044090
-0.771886 0.045639
-0.770885 0.047178
-0.769885 0.048707
-0.768884 0.050227
-0.767884 0.051736
-0.766883 0.053234
-0.765883 0.054721
-0.764882 0.056196
-0.763882 0.057660
-0.762881 0.059111
-0.761881 0.060549
-0.760880 0.061975
-0.759880 0.063387
-0.758879 0.064785
-0.757879 0.066169
-0.756878 0.067539
-0.755878 0.068894
-0.754877 0.070233
-0.753877 0.071558
-0.752876 0.072866
-0.751876 0.074158
-0.750875 0.075434
-0.749875 0.076693
-0.748874 0.077935
-0.747874 0.079160
-0.746873 0.080366
-0.745873 0.081555
-0.744872 0.082725
-0.743872 0.083877
-0.742871 0.085009
-0.741871 0.086123
-0.740870 0.087216
-0.739870 0.088290
-0.738869 0.089344
-0.737869 0.090377
-0.736868 0.091390
-0.735868 0.092382
-0.734867 0.093352
-0.733867 0.094301
-0.732866 0.095228
-0.731866 0.096133
-0.730865 0.097016
-0.729865 0.097877
-0.728864 0.098715
-0.727864 0.099529
-0.726863 0.100321
-0.725863 0.101089
-0.724862 0.101834
-0.723862 0.102555
-0.722861 0.103251
-0.721861 0.103924
-0.720860 0.104572
-0.719860 0.105195
-0.718859 0.105794
-0.717859 0.106367
-0.716858 0.106915
-0.715858 0.107439
-0.714857 0.107936
-0.713857 0.108408
-0.712856 0.108854
-0.711856 0.109274
-0.710855 0.109668
-0.709855 0.110036
-0.708854 0.110377
-0.707854 0.110692
-0.706853 0.110981
-0.705853 0.111242
-0.704852 0.111477
-0.703852 0.111685
-0.702851 0.111866
-0.701851 0.112020
-0.700850 0.112146
-0.699850 0.112246
-0.698849 0.112318
-0.697849 0.112363
-0.696848 0.112380
-0.695848 0.112370
-0.694847 0.112332
-0.693847 0.112267
-0.692846 0.112174
-0.691846 0.112054
-0.690845 0.111906
-0.689845 0.111730
-0.688844 0.111527
-0.687844 0.111296
-0.686843 0.111037
-0.685843 0.110751
-0.684842 0.110437
-0.683842 0.110096
-0.682841 0.109727
-0.681841 0.109331
-0.680840 0.108907
-0.679840 0.108456
-0.678839 0.107978
-0.677839 0.107472
-0.676838 0.106939
-0.675838 0.106379
-0.674837 0.105792
-0.673837 0.105178
-0.672836 0.104537
-0.671836 0.103870
-0.670835 0.103176
-0.669835 0.102455
-0.668834 0.101708
-0.667834 0.100935
-0.666833 0.100136
-0.665833 0.099310
-0.664832 0.098459
-0.663832 0.097583
-0.662831 0.096681
-0.661831 0.095753
-0.660830 0.094800
-0.659830 0.093823
-0.658829 0.092820
-0.657829 0.091793
-0.656828 0.090742
-0.655828 0.089666
-0.654827 0.088567
-0.653827 0.087443
-0.652826 0.086297
-0.651826 0.085126
-0.650825 0.083933
-0.649825 0.082717
-0.648824 0.081478
-0.647824 0.080217
-0.646823 0.078934
-0.645823 0.077629
-0.644822 0.076303
-0.643822 0.074955
-0.642821 0.073586
-0.641821 0.072197
-0.640820 0.070787
-0.639820 0.069357
-0.638819 0.067907
-0.637819 0.066438
-0.636818 0.064949
-0.635818 0.063441
-0.634817 0.061915
-0.633817 0.060371
-0.632816 0.058809
-0.631816 0.057229
-0.630815 0.055632
-0.629815 0.054018
-0.628814 0.052387
-0.627814 0.050740
-0.626813 0.049078
-0.625813 0.047400
-0.624812 0.045706
-0.623812 0.043998
-0.622811 0.042276
-0.621811 0.040540
-0.620810 0.038790
-0.619810 0.037026
-0.618809 0.035250
-0.617809 0.033462
-0.616808 0.031661
-0.615808 0.029849
-0.614807 0.028026
-0.613807 0.026191
-0.612806 0.024347
-0.611806 0.022492
-0.610805 0.020628
-0.609805 0.018755
-0.608804 0.016872
-0.607804 0.014982
-0.606803 0.013084
-0.605803 0.011178
-0.604802 0.009265
-0.603802 0.007346
-0.602801 0.005420
-0.601801 0.003489
-0.600800 0.001553
-0.599800 0.000389
-0.598799 0.002334
-0.597799 0.004284
-0.596798 0.006237
-0.595798 0.008192
-0.594797 0.010151
-0.593797 0.012111
-0.592796 0.014073
-0.591796 0.016037
-0.590795 0.018001
-0.589795 0.019965
-0.588794 0.021929
-0.587794 0.023892
-0.586793 0.025854
-0.585793 0.027814
-0.584792 0.029772
-0.583792 0.031728
-0.582791 0.033681
-0.581791 0.035630
-0.580790 0.037575
-0.579790 0.039516
-0.578789 0.041451
-0.577789 0.043382
-0.576788 0.045306
-0.575788 0.047224
-0.574787 0.049135
-0.573787 0.051039
-0.572786 0.052936
-0.571786 0.054824
-0.570785 0.056703
-0.569785 0.058573
-0.568784 0.060434
-0.567784 0.062284
-0.566783 0.064124
-0.565783 0.065953
-0.564782 0.067770
-0.563782 0.069576
-0.562781 0.071369
-0.561781 0.073149
-0.560780 0.074916
-0.559780 0.076669
-0.558779 0.078408
-0.557779 0.080133
-0.556778 0.081842
-0.555778 0.083536
-0.554777 0.085213
-0.553777 0.086875
-0.552776 0.088519
-0.551776 0.090146
-0.550775 0.091756
-0.549775 0.093347
-0.548774 0.094920
-0.547774 0.096474
-0.546773 0.098008
-0.545773 0.099522
-0.544772 0.101017
-0.543772 0.102490
-0.542771 0.103943
-0.541771 0.105374
-0.540770 0.106783
-0.539770 0.108170
-0.538769 0.109534
-0.537769 0.110876
-0.536768 0.112194
-0.535768 0.113488
-0.534767 0.114758
-0.533767 0.116003
-0.532766 0.117224
-0.531766 0.118419
-0.530765 0.119589
-0.529765 0.120733
-0.528764 0.121850
-0.527764 0.122941
-0.526763 0.124005
-0.525763 0.125042
-0.524762 0.126051
-0.523762 0.127032
-0.522761 0.127985
-0.521761 0.128909
-0.520760 0.129805
-0.519760 0.130671
-0.518759 0.131508
-0.517759 0.132315
-0.516758 0.133093
-0.515758 0.133840
-0.514757 0.134556
-0.513757 0.135242
-0.512756 0.135896
-0.511756 0.136519
-0.510755 0.137111
-0.509755 0.137671
-0.508754 0.138199
-0.507754 0.138695
-0.506753 0.139158
-0.505753 0.139589
-0.504752 0.139986
-0.503752 0.140351
-0.502751 0.140683
-0.501751 0.140981
-0.500750 0.141245
-0.499750 0.141476
-0.498749 0.141673
-0.497749 0.141835
-0.496748 0.141964
-0.495748 0.142058
-0.494747 0.142118
-0.493747 0.142143
-0.492746 0.142133
-0.491746 0.142088
-0.490745 0.142009
-0.489745 0.141894
-0.488744 0.141745
-0.487744 0.141560
-0.486743 0.141340
-0.485743 0.141084
-0.484742 0.140794
-0.483742 0.140467
-0.482741 0.140106
-0.481741 0.139708
-0.480740 0.139275
-0.479740 0.138807
-0.478739 0.138303
-0.477739 0.137764
-0.476738 0.137188
-0.475738 0.136578
-0.474737 0.135932
-0.473737 0.135250
-0.472736 0.134533
-0.471736 0.133780
-0.470735 0.132992
-0.469735 0.132169
-0.468734 0.131311
-0.467734 0.130417
-0.466733 0.129489
-0.465733 0.128525
-0.464732 0.127527
-0.463732 0.126493
-0.462731 0.125426
-0.461731 0.124323
-0.460730 0.123187
-0.459730 0.122016
-0.458729 0.120811
-0.457729 0.119572
-0.456728 0.118299
-0.455728 0.116993
-0.454727 0.115653
-0.453727 0.114280
-0.452726 0.112875
-0.451726 0.111436
-0.450725 0.109965
-0.449725 0.108461
-0.448724 0.106926
-0.447724 0.105358
-0.446723 0.103759
-0.445723 0.102129
-0.444722 0.100467
-0.443722 0.098775
-0.442721 0.097052
-0.441721 0.095298
-0.440720 0.093515
-0.439720 0.091702
-0.438719 0.089860
-0.437719 0.087988
-0.436718 0.086088
-0.435718 0.084160
-0.434717 0.082203
-0.433717 0.080219
-0.432716 0.078207
-0.431716 0.076168
-0.430715 0.074103
-0.429715 0.072012
-0.428714 0.069894
-0.427714 0.067751
-0.426713 0.065583
-0.425713 0.063391
-0.424712 0.061174
-0.423712 0.058933
-0.422711 0.056669
-0.421711 0.054381
-0.420710 0.052072
-0.419710 0.049740
-0.418709 0.047386
-0.417709 0.045011
-0.416708 0.042616
-0.415708 0.040200
-0.414707 0.037765
-0.413707 0.035310
-0.412706 0.032836
-0.411706 0.030344
-0.410705 0.027834
-0.409705 0.025307
-0.408704 0.022763
-0.407704 0.020203
-0.406703 0.017626
-0.405703 0.015035
-0.404702 0.012429
-0.403702 0.009809
-0.402701 0.007175
-0.401701 0.004528
-0.400700 0.001869
-0.399700 0.000803
-0.398699 0.003485
-0.397699 0.006179
-0.396698 0.008883
-0.395698 0.011596
-0.394697 0.014319
-0.393697 0.017050
-0.392696 0.019789
-0.391696 0.022536
-0.390695 0.025289
-0.389695 0.028048
-0.388694 0.030813
-0.387694 0.033582
-0.386693 0.036356
-0.385693 0.039134
-0.384692 0.041914
-0.383692 0.044697
-0.382691 0.047482
-0.381691 0.050268
-0.380690 0.053054
-0.379690 0.055841
-0.378689 0.058626
-0.377689 0.061411
-0.376688 0.064193
-0.375688 0.066972
-0.374687 0.069748
-0.373687 0.072520
-0.372686 0.075288
-0.371686 0.078050
-0.370685 0.080806
-0.369685 0.083556
-0.368684 0.086298
-0.367684 0.089033
-0.366683 0.091759
-0.365683 0.094475
-0.364682 0.097182
-0.363682 0.099878
-0.362681 0.102562
-0.361681 0.105235
-0.360680 0.107895
-0.359680 0.110542
-0.358679 0.113175
-0.357679 0.115794
-0.356678 0.118397
-0.355678 0.120984
-0.354677 0.123555
-0.353677 0.126108
-0.352676 0.128643
-0.351676 0.131160
-0.350675 0.133657
-0.349675 0.136135
-0.348674 0.138592
-0.347674 0.141027
-0.346673 0.143441
-0.345673 0.145832
-0.344672 0.148200
-0.343672 0.150543
-0.342671 0.152863
-0.341671 0.155157
-0.340670 0.157425
-0.339670 0.159666
-0.338669 0.161881
-0.337669 0.164067
-0.336668 0.166225
-0.335668 0.168354
-0.334667 0.170453
-0.333667 0.172522
-0.332666 0.174560
-0.331666 0.176566
-0.330665 0.178540
-0.329665 0.180481
-0.328664 0.182389
-0.327664 0.184262
-0.326663 0.186101
-0.325663 0.187904
-0.324662 0.189671
-0.323662 0.191402
-0.322661 0.193096
-0.321661 0.194752
-0.320660 0.196369
-0.319660 0.197948
-0.318659 0.199487
-0.317659 0.200986
-0.316658 0.202445
-0.315658 0.203862
-0.314657 0.205238
-0.313657 0.206571
-0.312656 0.207862
-0.311656 0.209109
-0.310655 0.210312
-0.309655 0.211471
-0.308654 0.212585
-0.307654 0.213653
-0.306653 0.214676
-0.305653 0.215652
-0.304652 0.216581
-0.303652 0.217462
-0.302651 0.218296
-0.301651 0.219081
-0.300650 0.219817
-0.299650 0.220504
-0.298649 0.221141
-0.297649 0.221727
-0.296648 0.222263
-0.295648 0.222748
-0.294647 0.223181
-0.293647 0.223563
-0.292646 0.223892
-0.291646 0.224168
-0.290645 0.224390
-0.289645 0.224560
-0.288644 0.224675
-0.287644 0.224736
-0.286643 0.224742
-0.285643 0.224693
-0.284642 0.224588
-0.283642 0.224428
-0.282641 0.224212
-0.281641 0.223939
-0.280640 0.223609
-0.279640 0.223223
-0.278639 0.222779
-0.277639 0.222277
-0.276638 0.221718
-0.275638 0.221100
-0.274637 0.220424
-0.273637 0.219689
-0.272636 0.218895
-0.271636 0.218042
-0.270635 0.217129
-0.269635 0.216157
-0.268634 0.215125
-0.267634 0.214033
-0.266633 0.212881
-0.265633 0.211668
-0.264632 0.210395
-0.263632 0.209061
-0.262631 0.207667
-0.261631 0.206211
-0.260630 0.204694
-0.259630 0.203116
-0.258629 0.201476
-0.257629 0.199775
-0.256628 0.198012
-0.255628 0.196188
-0.254627 0.194302
-0.253627 0.192355
-0.252626 0.190345
-0.251626 0.188274
-0.250625 0.186141
-0.249625 0.183945
-0.248624 0.181688
-0.247624 0.179370
-0.246623 0.176989
-0.245623 0.174546
-0.244622 0.172042
-0.243622 0.169476
-0.242621 0.166848
-0.241621 0.164158
-0.240620 0.161407
-0.239620 0.158594
-0.238619 0.155720
-0.237619 0.152785
-0.236618 0.149788
-0.235618 0.146731
-0.234617 0.143612
-0.233617 0.140433
-0.232616 0.137193
-0.231616 0.133893
-0.230615 0.130533
-0.229615 0.127112
-0.228614 0.123632
-0.227614 0.120092
-0.226613 0.116493
-0.225613 0.112835
-0.224612 0.109117
-0.223612 0.105341
-0.222611 0.101507
-0.221611 0.097614
-0.220610 0.093664
-0.219610 0.089656
-0.218609 0.085591
-0.217609 0.081469
-0.216608 0.077290
-0.215608 0.073055
-0.214607 0.068765
-0.213607 0.064418
-0.212606 0.060017
-0.211606 0.055560
-0.210605 0.051050
-0.209605 0.046485
-0.208604 0.041867
-0.207604 0.037195
-0.206603 0.032471
-0.205603 0.027694
-0.204602 0.022866
-0.203602 0.017986
-0.202601 0.013055
-0.201601 0.008074
-0.200600 0.003043
-0.199600 0.002038
-0.198599 0.007168
-0.197599 0.012346
-0.196598 0.017573
-0.195598 0.022846
-0.194597 0.028167
-0.193597 0.033534
-0.192596 0.038946
-0.191596 0.044404
-0.190595 0.049907
-0.189595 0.055453
-0.188594 0.061043
-0.187594 0.066676
-0.186593 0.072351
-0.185593 0.078068
-0.184592 0.083826
-0.183592 0.089624
-0.182591 0.095462
-0.181591 0.101339
-0.180590 0.107254
-0.179590 0.113208
-0.178589 0.119198
-0.177589 0.125224
-0.176588 0.131287
-0.175588 0.137384
-0.174587 0.143516
-0.173587 0.149681
-0.172586 0.155879
-0.171586 0.162110
-0.170585 0.168371
-0.169585 0.174664
-0.168584 0.180986
-0.167584 0.187338
-0.166583 0.193718
-0.165583 0.200126
-0.164582 0.206560
-0.163582 0.213021
-0.162581 0.219507
-0.161581 0.226018
-0.160580 0.232552
-0.159580 0.239110
-0.158579 0.245689
-0.157579 0.252290
-0.156578 0.258911
-0.155578 0.265553
-0.154577 0.272213
-0.153577 0.278891
-0.152576 0.285586
-0.151576 0.292298
-0.150575 0.299025
-0.149575 0.305767
-0.148574 0.312523
-0.147574 0.319292
-0.146573 0.326073
-0.145573 0.332866
-0.144572 0.339668
-0.143572 0.346481
-0.142571 0.353302
-0.141571 0.360130
-0.140570 0.366966
-0.139570 0.373808
-0.138569 0.380654
-0.137569 0.387506
-0.136568 0.394360
-0.135568 0.401217
-0.134567 0.408076
-0.133567 0.414935
-0.132566 0.421794
-0.131566 0.428652
-0.130565 0.435508
-0.129565 0.442360
-0.128564 0.449210
-0.127564 0.456054
-0.126563 0.462893
-0.125563 0.469725
-0.124562 0.476550
-0.123562 0.483366
-0.122561 0.490174
-0.121561 0.496971
-0.120560 0.503756
-0.119560 0.510530
-0.118559 0.517291
-0.117559 0.524039
-0.116558 0.530771
-0.115558 0.537488
-0.114557 0.544188
-0.113557 0.550871
-0.112556 0.557536
-0.111556 0.564181
-0.110555 0.570806
-0.109555 0.577410
-0.108554 0.583993
-0.107554 0.590552
-0.106553 0.597087
-0.105553 0.603598
-0.104552 0.610084
-0.103552 0.616543
-0.102551 0.622974
-0.101551 0.629378
-0.100550 0.635752
-0.099550 0.642097
-0.098549 0.648410
-0.097549 0.654692
-0.096548 0.660941
-0.095548 0.667157
-0.094547 0.673339
-0.093547 0.679486
-0.092546 0.685596
-0.091546 0.691670
-0.090545 0.697706
-0.089545 0.703703
-0.088544 0.709661
-0.087544 0.715579
-0.086543 0.721456
-0.085543 0.727291
-0.084542 0.733083
-0.083542 0.738832
-0.082541 0.744537
-0.081541 0.750197
-0.080540 0.755810
-0.079540 0.761377
-0.078539 0.766897
-0.077539 0.772368
-0.076538 0.777791
-0.075538 0.783163
-0.074537 0.788485
-0.073537 0.793756
-0.072536 0.798975
-0.071536 0.804141
-0.070535 0.809254
-0.069535 0.814313
-0.068534 0.819316
-0.067534 0.824264
-0.066533 0.829156
-0.065533 0.833990
-0.064532 0.838767
-0.063532 0.843486
-0.062531 0.848145
-0.061531 0.852745
-0.060530 0.857285
-0.059530 0.861763
-0.058529 0.866180
-0.057529 0.870534
-0.056528 0.874826
-0.055528 0.879054
-0.054527 0.883218
-0.053527 0.887317
-0.052526 0.891351
-0.051526 0.895319
-0.050525 0.899221
-0.049525 0.903056
-0.048524 0.906823
-0.047524 0.910522
-0.046523 0.914152
-0.045523 0.917714
-0.044522 0.921205
-0.043522 0.924627
-0.042521 0.927977
-0.041521 0.931257
-0.040520 0.934465
-0.039520 0.937601
-0.038519 0.940665
-0.037519 0.943656
-0.036518 0.946573
-0.035518 0.949416
-0.034517 0.952186
-0.033517 0.954880
-0.032516 0.957500
-0.031516 0.960044
-0.030515 0.962513
-0.029515 0.964905
-0.028514 0.967221
-0.027514 0.969461
-0.026513 0.971623
-0.025513 0.973708
-0.024512 0.975715
-0.023512 0.977644
-0.022511 0.979494
-0.021511 0.981267
-0.020510 0.982960
-0.019510 0.984575
-0.018509 0.986110
-0.017509 0.987565
-0.016508 0.988941
-0.015508 0.990237
-0.014507 0.991453
-0.013507 0.992589
-0.012506 0.993644
-0.011506 0.994619
-0.010505 0.995513
-0.009505 0.996326
-0.008504 0.997058
-0.007504 0.997709
-0.006503 0.998279
-0.005503 0.998768
-0.004502 0.999175
-0.003502 0.999501
-0.002501 0.999745
-0.001501 0.999908
-0.000500 0.999990
0.000500 0.999990
0.001501 0.999908
0.002501 0.999745
0.003502 0.999501
0.004502 0.999175
0.005503 0.998768
0.006503 0.998279
0.007504 0.997709
0.008504 0.997058
0.009505 0.996326
0.010505 0.995513
0.011506 0.994619
0.012506 0.993644
0.013507 0.992589
0.014507 0.991453
0.015508 0.990237
0.016508 0.988941
0.017509 0.987565
0.018509 0.986110
0.019510 0.984575
0.020510 0.982960
0.021511 0.981267
0.022511 0.979494
0.023512 0.977644
0.024512 0.975715
0.025513 0.973708
0.026513 0.971623
0.027514 0.969461
0.028514 0.967221
0.029515 0.964905
0.030515 0.962513
0.031516 0.960044
0.032516 0.957500
0.033517 0.954880
0.034517 0.952186
0.035518 0.949416
0.036518 0.946573
0.037519 0.943656
0.038519 0.940665
0.039520 0.937601
0.040520 0.934465
0.041521 0.931257
0.042521 0.927977
0.043522 0.924627
0.044522 0.921205
0.045523 0.917714
0.046523 0.914152
0.047524 0.910522
0.048524 0.906823
0.049525 0.903056
0.050525 0.899221
0.051526 0.895319
0.052526 0.891351
0.053527 0.887317
0.054527 0.883218
0.055528 0.879054
0.056528 0.874826
0.057529 0.870534
0.058529 0.866180
0.059530 0.861763
0.060530 0.857285
0.061531 0.852745
0.062531 0.848145
0.063532 0.843486
0.064532 0.838767
0.065533 0.833990
0.066533 0.829156
0.067534 0.824264
0.068534 0.819316
0.069535 0.814313
0.070535 0.809254
0.071536 0.804141
0.072536 0.798975
0.073537 0.793756
0.074537 0.788485
0.075538 0.783163
0.076538 0.777791
0.077539 0.772368
0.078539 0.766897
0.079540 0.761377
0.080540 0.755810
0.081541 0.750197
0.082541 0.744537
0.083542 0.738832
0.084542 0.733083
0.085543 0.727291
0.086543 0.721456
0.087544 0.715579
0.088544 0.709661
0.089545 0.703703
0.090545 0.697706
0.091546 0.691670
0.092546 0.685596
0.093547 0.679486
0.094547 0.673339
0.095548 0.667157
0.096548 0.660941
0.097549 0.654692
0.098549 0.648410
0.099550 0.642097
0.100550 0.635752
0.101551 0.629378
0.102551 0.622974
0.103552 0.616543
0.104552 0.610084
0.105553 0.603598
0.106553 0.597087
0.107554 0.590552
0.108554 0.583993
0.109555 0.577410
0.110555 0.570806
0.111556 0.564181
0.112556 0.557536
0.113557 0.550871
0.114557 0.544188
0.115558 0.537488
0.116558 0.530771
0.117559 0.524039
0.118559 0.517291
0.119560 0.510530
0.120560 0.503756
0.121561 0.496971
0.122561 0.490174
0.123562 0.483366
0.124562 0.476550
0.125563 0.469725
0.126563 0.462893
0.127564 0.456054
0.128564 0.449210
0.129565 0.442360
0.130565 0.435508
0.131566 0.428652
0.132566 0.421794
0.133567 0.414935
0.134567 0.408076
0.135568 0.401217
0.136568 0.394360
0.137569 0.387506
0.138569 0.380654
0.139570 0.373808
0.140570 0.366966
0.141571 0.360130
0.142571 0.353302
0.143572 0.346481
0.144572 0.339668
0.145573 0.332866
0.146573 0.326073
0.147574 0.319292
0.148574 0.312523
0.149575 0.305767
0.150575 0.299025
0.151576 0.292298
0.152576 0.285586
0.153577 0.278891
0.154577 0.272213
0.155578 0.265553
0.156578 0.258911
0.157579 0.252290
0.158579 0.245689
0.159580 0.239110
0.160580 0.232552
0.161581 0.226018
0.162581 0.219507
0.163582 0.213021
0.164582 0.206560
0.165583 0.200126
0.166583 0.193718
0.167584 0.187338
0.168584 0.180986
0.169585 0.174664
0.170585 0.168371
0.171586 0.162110
0.172586 0.155879
0.173587 0.149681
0.174587 0.143516
0.175588 0.137384
0.176588 0.131287
0.177589 0.125224
0.178589 0.119198
0.179590 0.113208
0.180590 0.107254
0.181591 0.101339
0.182591 0.095462
0.183592 0.089624
0.184592 0.083826
0.185593 0.078068
0.186593 0.072351
0.187594 0.066676
0.188594 0.061043
0.189595 0.055453
0.190595 0.049907
0.191596 0.044404
0.192596 0.038946
0.193597 0.033534
0.194597 0.028167
0.195598 0.022846
0.196598 0.017573
0.197599 0.012346
0.198599 0.007168
0.199600 0.002038
0.200600 0.003043
0.201601 0.008074
0.202601 0.013055
0.203602 0.017986
0.204602 0.022866
0.205603 0.027694
0.206603 0.032471
0.207604 0.037195
0.208604 0.041867
0.209605 0.046485
0.210605 0.051050
0.211606 0.055560
0.212606 0.060017
0.213607 0.064418
0.214607 0.068765
0.215608 0.073055
0.216608 0.077290
0.217609 0.081469
0.218609 0.085591
0.219610 0.089656
0.220610 0.093664
0.221611 0.097614
0.222611 0.101507
0.223612 0.105341
0.224612 0.109117
0.225613 0.112835
0.226613 0.116493
0.227614 0.120092
0.228614 0.123632
0.229615 0.127112
0.230615 0.130533
0.231616 0.133893
0.232616 0.137193
0.233617 0.140433
0.234617 0.143612
0.235618 0.146731
0.236618 0.149788
0.237619 0.152785
0.238619 0.155720
0.239620 0.158594
0.240620 0.161407
0.241621 0.164158
0.242621 0.166848
0.243622 0.169476
0.244622 0.172042
0.245623 0.174546
0.246623 0.176989
0.247624 0.179370
0.248624 0.181688
0.249625 0.183945
0.250625 0.186141
0.251626 0.188274
0.252626 0.190345
0.253627 0.192355
0.254627 0.194302
0.255628 0.196188
0.256628 0.198012
0.257629 0.199775
0.258629 0.201476
0.259630 0.203116
0.260630 0.204694
0.261631 0.206211
0.262631 0.207667
0.263632 0.209061
0.264632 0.210395
0.265633 0.211668
0.266633 0.212881
0.267634 0.214033
0.268634 0.215125
0.269635 0.216157
0.270635 0.217129
0.271636 0.218042
0.272636 0.218895
0.273637 0.219689
0.274637 0.220424
0.275638 0.221100
0.276638 0.221718
0.277639 0.222277
0.278639 0.222779
0.279640 0.223223
0.280640 0.223609
0.281641 0.223939
0.282641 0.224212
0.283642 0.224428
0.284642 0.224588
0.285643 0.224693
0.286643 0.224742
0.287644 0.224736
0.288644 0.224675
0.289645 0.224560
0.290645 0.224390
0.291646 0.224168
0.292646 0.223892
0.293647 0.223563
0.294647 0.223181
0.295648 0.222748
0.296648 0.222263
0.297649 0.221727
0.298649 0.221141
0.299650 0.220504
0.300650 0.219817
0.301651 0.219081
0.302651 0.218296
0.303652 0.217462
0.304652 0.216581
0.305653 0.215652
0.306653 0.214676
0.307654 0.213653
0.308654 0.212585
0.309655 0.211471
0.310655 0.210312
0.311656 0.209109
0.312656 0.207862
0.313657 0.206571
0.314657 0.205238
0.315658 0.203862
0.316658 0.202445
0.317659 0.200986
0.318659 0.199487
0.319660 0.197948
0.320660 0.196369
0.321661 0.194752
0.322661 0.193096
0.323662 0.191402
0.324662 0.189671
0.325663 0.187904
0.326663 0.186101
0.327664 0.184262
0.328664 0.182389
0.329665 0.180481
0.330665 0.178540
0.331666 0.176566
0.332666 0.174560
0.333667 0.172522
0.334667 0.170453
0.335668 0.168354
0.336668 0.166225
0.337669 0.164067
0.338669 0.161881
0.339670 0.159666
0.340670 0.157425
0.341671 0.155157
0.342671 0.152863
0.343672 0.150543
0.344672 0.148200
0.345673 0.145832
0.346673 0.143441
0.347674 0.141027
0.348674 0.138592
0.349675 0.136135
0.350675 0.133657
0.351676 0.131160
0.352676 0.128643
0.353677 0.126108
0.354677 0.123555
0.355678 0.120984
0.356678 0.118397
0.357679 0.115794
0.358679 0.113175
0.359680 0.110542
0.360680 0.107895
0.361681 0.105235
0.362681 0.102562
0.363682 0.099878
0.364682 0.097182
0.365683 0.094475
0.366683 0.091759
0.367684 0.089033
0.368684 0.086298
0.369685 0.083556
0.370685 0.080806
0.371686 0.078050
0.372686 0.075288
0.373687 0.072520
0.374687 0.069748
0.375688 0.066972
0.376688 0.064193
0.377689 0.061411
0.378689 0.058626
0.379690 0.055841
0.380690 0.053054
0.381691 0.050268
0.382691 0.047482
0.383692 0.044697
0.384692 0.041914
0.385693 0.039134
0.386693 0.036356
0.387694 0.033582
0.388694 0.030813
0.389695 0.028048
0.390695 0.025289
0.391696 0.022536
0.392696 0.019789
0.393697 0.017050
0.394697 0.014319
0.395698 0.011596
0.396698 0.008883
0.397699 0.006179
0.398699 0.003485
0.399700 0.000803
0.400700 0.001869
0.401701 0.004528
0.402701 0.007175
0.403702 0.009809
0.404702 0.012429
0.405703 0.015035
0.406703 0.017626
0.407704 0.020203
0.408704 0.022763
0.409705 0.025307
0.410705 0.027834
0.411706 0.030344
0.412706 0.032836
0.413707 0.035310
0.414707 0.037765
0.415708 0.040200
0.416708 0.042616
0.417709 0.045011
0.418709 0.047386
0.419710 0.049740
0.420710 0.052072
0.421711 0.054381
0.422711 0.056669
0.423712 0.058933
0.424712 0.061174
0.425713 0.063391
0.426713 0.065583
0.427714 0.067751
0.428714 0.069894
0.429715 0.072012
0.430715 0.074103
0.431716 0.076168
0.432716 0.078207
0.433717 0.080219
0.434717 0.082203
0.435718 0.084160
0.436718 0.086088
0.437719 0.087988
0.438719 0.089860
0.439720 0.091702
0.440720 0.093515
0.441721 0.095298
0.442721 0.097052
0.443722 0.098775
0.444722 0.100467
0.445723 0.102129
0.446723 0.103759
0.447724 0.105358
0.448724 0.106926
0.449725 0.108461
0.450725 0.109965
0.451726 0.111436
0.452726 0.112875
0.453727 0.114280
0.454727 0.115653
0.455728 0.116993
0.456728 0.118299
0.457729 0.119572
0.458729 0.120811
0.459730 0.122016
0.460730 0.123187
0.461731 0.124323
0.462731 0.125426
0.463732 0.126493
0.464732 0.127527
0.465733 0.128525
0.466733 0.129489
0.467734 0.130417
0.468734 0.131311
0.469735 0.132169
0.470735 0.132992
0.471736 0.133780
0.472736 0.134533
0.473737 0.135250
0.474737 0.135932
0.475738 0.136578
0.476738 0.137188
0.477739 0.137764
0.478739 0.138303
0.479740 0.138807
0.480740 0.139275
0.481741 0.139708
0.482741 0.140106
0.483742 0.140467
0.484742 0.140794
0.485743 0.141084
0.486743 0.141340
0.487744 0.141560
0.488744 0.141745
0.489745 0.141894
0.490745 0.142009
0.491746 0.142088
0.492746 0.142133
0.493747 0.142143
0.494747 0.142118
0.495748 0.142058
0.496748 0.141964
0.497749 0.141835
0.498749 0.141673
0.499750 0.141476
0.500750 0.141245
0.501751 0.140981
0.502751 0.140683
0.503752 0.140351
0.504752 0.139986
0.505753 0.139589
0.506753 0.139158
0.507754 0.138695
0.508754 0.138199
0.509755 0.137671
0.510755 0.137111
0.511756 0.136519
0.512756 0.135896
0.513757 0.135242
0.514757 0.134556
0.515758 0.133840
0.516758 0.133093
0.517759 0.132315
0.518759 0.131508
0.519760 0.130671
0.520760 0.129805
0.521761 0.128909
0.522761 0.127985
0.523762 0.127032
0.524762 0.126051
0.525763 0.125042
0.526763 0.124005
0.527764 0.122941
0.528764 0.121850
0.529765 0.120733
0.530765 0.119589
0.531766 0.118419
0.532766 0.117224
0.533767 0.116003
0.534767 0.114758
0.535768 0.113488
0.536768 0.112194
0.537769 0.110876
0.538769 0.109534
0.539770 0.108170
0.540770 0.106783
0.541771 0.105374
0.542771 0.103943
0.543772 0.102490
0.544772 0.101017
0.545773 0.099522
0.546773 0.098008
0.547774 0.096474
0.548774 0.094920
0.549775 0.093347
0.550775 0.091756
0.551776 0.090146
0.552776 0.088519
0.553777 0.086875
0.554777 0.085213
0.555778 0.083536
0.556778 0.081842
0.557779 0.080133
0.558779 0.078408
0.559780 0.076669
0.560780 0.074916
0.561781 0.073149
0.562781 0.071369
0.563782 0.069576
0.564782 0.067770
0.565783 0.065953
0.566783 0.064124
0.567784 0.062284
0.568784 0.060434
0.569785 0.058573
0.570785 0.056703
0.571786 0.054824
0.572786 0.052936
0.573787 0.051039
0.574787 0.049135
0.575788 0.047224
0.576788 0.045306
0.577789 0.043382
0.578789 0.041451
0.579790 0.039516
0.580790 0.037575
0.581791 0.035630
0.582791 0.033681
0.583792 0.031728
0.584792 0.029772
0.585793 0.027814
0.586793 0.025854
0.587794 0.023892
0.588794 0.021929
0.589795 0.019965
0.590795 0.018001
0.591796 0.016037
0.592796 0.014073
0.593797 0.012111
0.594797 0.010151
0.595798 0.008192
0.596798 0.006237
0.597799 0.004284
0.598799 0.002334
0.599800 0.000389
0.600800 0.001553
0.601801 0.003489
0.602801 0.005420
0.603802 0.007346
0.604802 0.009265
0.605803 0.011178
0.606803 0.013084
0.607804 0.014982
0.608804 0.016872
0.609805 0.018755
0.610805 0.020628
0.611806 0.022492
0.612806 0.024347
0.613807 0.026191
0.614807 0.028026
0.615808 0.029849
0.616808 0.031661
0.617809 0.033462
0.618809 0.035250
0.619810 0.037026
0.620810 0.038790
0.621811 0.040540
0.622811 0.042276
0.623812 0.043998
0.624812 0.045706
0.625813 0.047400
0.626813 0.049078
0.627814 0.050740
0.628814 0.052387
0.629815 0.054018
0.630815 0.055632
0.631816 0.057229
0.632816 0.058809
0.633817 0.060371
0.634817 0.061915
0.635818 0.063441
0.636818 0.064949
0.637819 0.066438
0.638819 0.067907
0.639820 0.069357
0.640820 0.070787
0.641821 0.072197
0.642821 0.073586
0.643822 0.074955
0.644822 0.076303
0.645823 0.077629
0.646823 0.078934
0.647824 0.080217
0.648824 0.081478
0.649825 0.082717
0.650825 0.083933
0.651826 0.085126
0.652826 0.086297
0.653827 0.087443
0.654827 0.088567
0.655828 0.089666
0.656828 0.090742
0.657829 0.091793
0.658829 0.092820
0.659830 0.093823
0.660830 0.094800
0.661831 0.095753
0.662831 0.096681
0.663832 0.097583
0.664832 0.098459
0.665833 0.099310
0.666833 0.100136
0.667834 0.100935
0.668834 0.101708
0.669835 0.102455
0.670835 0.103176
0.671836 0.103870
0.672836 0.104537
0.673837 0.105178
0.674837 0.105792
0.675838 0.106379
0.676838 0.106939
0.677839 0.107472
0.678839 0.107978
0.679840 0.108456
0.680840 0.108907
0.681841 0.109331
0.682841 0.109727
0.683842 0.110096
0.684842 0.110437
0.685843 0.110751
0.686843 0.111037
0.687844 0.111296
0.688844 0.111527
0.689845 0.111730
0.690845 0.111906
0.691846 0.112054
0.692846 0.112174
0.693847 0.112267
0.694847 0.112332
0.695848 0.112370
0.696848 0.112380
0.697849 0.112363
0.698849 0.112318
0.699850 0.112246
0.700850 0.112146
0.701851 0.112020
0.702851 0.111866
0.703852 0.111685
0.704852 0.111477
0.705853 0.111242
0.706853 0.110981
0.707854 0.110692
0.708854 0.110377
0.709855 0.110036
0.710855 0.109668
0.711856 0.109274
0.712856 0.108854
0.713857 0.108408
0.714857 0.107936
0.715858 0.107439
0.716858 0.106915
0.717859 0.106367
0.718859 0.105794
0.719860 0.105195
0.720860 0.104572
0.721861 0.103924
0.722861 0.103251
0.723862 0.102555
0.724862 0.101834
0.725863 0.101089
0.726863 0.100321
0.727864 0.099529
0.728864 0.098715
0.729865 0.097877
0.730865 0.097016
0.731866 0.096133
0.732866 0.095228
0.733867 0.094301
0.734867 0.093352
0.735868 0.092382
0.736868 0.091390
0.737869 0.090377
0.738869 0.089344
0.739870 0.088290
0.740870 0.087216
0.741871 0.086123
0.742871 0.085009
0.743872 0.083877
0.744872 0.082725
0.745873 0.081555
0.746873 0.080366
0.747874 0.079160
0.748874 0.077935
0.749875 0.076693
0.750875 0.075434
0.751876 0.074158
0.752876 0.072866
0.753877 0.071558
0.754877 0.070233
0.755878 0.068894
0.756878 0.067539
0.757879 0.066169
0.758879 0.064785
0.759880 0.063387
0.760880 0.061975
0.761881 0.060549
0.762881 0.059111
0.763882 0.057660
0.764882 0.056196
0.765883 0.054721
0.766883 0.053234
0.767884 0.051736
0.768884 0.050227
0.769885 0.048707
0.770885 0.047178
0.771886 0.045639
0.772886 0.044090
0.773887 0.042532
0.774887 0.040966
0.775888 0.039392
0.776888 0.037810
0.777889 0.036220
0.778889 0.034623
0.779890 0.033020
0.780890 0.031411
0.781891 0.029795
0.782891 0.028174
0.783892 0.026548
0.784892 0.024918
0.785893 0.023283
0.786893 0.021644
0.787894 0.020002
0.788894 0.018356
0.789895 0.016708
0.790895 0.015058
0.791896 0.013405
0.792896 0.011751
0.793897 0.010096
0.794897 0.008441
0.795898 0.006785
0.796898 0.005129
0.797899 0.003473
0.798899 0.001819
0.799900 0.000165
0.800900 0.001486
0.801901 0.003136
0.802901 0.004783
0.803902 0.006428
0.804902 0.008069
0.805903 0.009707
0.806903 0.011340
0.807904 0.012970
0.808904 0.014594
0.809905 0.016213
0.810905 0.017827
0.811906 0.019435
0.812906 0.021037
0.813907 0.022632
0.814907 0.024220
0.815908 0.025800
0.816908 0.027373
0.817909 0.028937
0.818909 0.030493
0.819910 0.032041
0.820910 0.033579
0.821911 0.035107
0.822911 0.036625
0.823912 0.038133
0.824912 0.039631
0.825913 0.041117
0.826913 0.042592
0.827914 0.044055
0.828914 0.045507
0.829915 0.046946
0.830915 0.048372
0.831916 0.049785
0.832916 0.051185
0.833917 0.052571
0.834917 0.053943
0.835918 0.055300
0.836918 0.056644
0.837919 0.057972
0.838919 0.059285
0.839920 0.060582
0.840920 0.061863
0.841921 0.063129
0.842921 0.064378
0.843922 0.065610
0.844922 0.066825
0.845923 0.068023
0.846923 0.069203
0.847924 0.070366
0.848924 0.071510
0.849925 0.072636
0.850925 0.073744
0.851926 0.074832
0.852926 0.075902
0.853927 0.076952
0.854927 0.077983
0.855928 0.078993
0.856928 0.079984
0.857929 0.080955
0.858929 0.081905
0.859930 0.082834
0.860930 0.083742
0.861931 0.084630
0.862931 0.085496
0.863932 0.086340
0.864932 0.087163
0.865933 0.087964
0.866933 0.088743
0.867934 0.089500
0.868934 0.090234
0.869935 0.090946
0.870935 0.091635
0.871936 0.092301
0.872936 0.092944
0.873937 0.093565
0.874937 0.094161
0.875938 0.094735
0.876938 0.095285
0.877939 0.095811
0.878939 0.096314
0.879940 0.096793
0.880940 0.097247
0.881941 0.097678
0.882941 0.098085
0.883942 0.098467
0.884942 0.098825
0.885943 0.099159
0.886943 0.099469
0.887944 0.099753
0.888944 0.100014
0.889945 0.100250
0.890945 0.100461
0.891946 0.100647
0.892946 0.100809
0.893947 0.100946
0.894947 0.101058
0.895948 0.101146
0.896948 0.101208
0.897949 0.101246
0.898949 0.101259
0.899950 0.101248
0.900950 0.101211
0.901951 0.101150
0.902951 0.101065
0.903952 0.100954
0.904952 0.100819
0.905953 0.100660
0.906953 0.100475
0.907954 0.100267
0.908954 0.100034
0.909955 0.099776
0.910955 0.099495
0.911956 0.099189
0.912956 0.098859
0.913957 0.098505
0.914957 0.098127
0.915958 0.097725
0.916958 0.097300
0.917959 0.096850
0.918959 0.096378
0.919960 0.095882
0.920960 0.095363
0.921961 0.094820
0.922961 0.094255
0.923962 0.093667
0.924962 0.093056
0.925963 0.092423
0.926963 0.091767
0.927964 0.091089
0.928964 0.090389
0.929965 0.089668
0.930965 0.088924
0.931966 0.088159
0.932966 0.087373
0.933967 0.086566
0.934967 0.085738
0.935968 0.084889
0.936968 0.084019
0.937969 0.083130
0.938969 0.082220
0.939970 0.081291
0.940970 0.080341
0.941971 0.079373
0.942971 0.078385
0.943972 0.077379
0.944972 0.076354
0.945973 0.075310
0.946973 0.074249
0.947974 0.073169
0.948974 0.072072
0.949975 0.070957
0.950975 0.069826
0.951976 0.068678
0.952976 0.067513
0.953977 0.066332
0.954977 0.065135
0.955978 0.063922
0.956978 0.062694
0.957979 0.061451
0.958979 0.060193
0.959980 0.058920
0.960980 0.057634
0.961981 0.056333
0.962981 0.055020
0.963982 0.053692
0.964982 0.052352
0.965983 0.051000
0.966983 0.049635
0.967984 0.048258
0.968984 0.046870
0.969985 0.045471
0.970985 0.044060
0.971986 0.042639
0.972986 0.041208
0.973987 0.039767
0.974987 0.038316
0.975988 0.036856
0.976988 0.035388
0.977989 0.033910
0.978989 0.032425
0.979990 0.030932
0.980990 0.029431
0.981991 0.027924
0.982991 0.026410
0.983992 0.024889
0.984992 0.023362
0.985993 0.021830
0.986993 0.020293
0.987994 0.018751
0.988994 0.017204
0.989995 0.015653
0.990995 0.014099
0.991996 0.012541
0.992996 0.010980
0.993997 0.009416
0.994997 0.007850
0.995998 0.006282
0.996998 0.004713
0.997999 0.003143
0.998999 0.001572
1.000000 0.000000
