-1.000000 1.000000
-0.998999 0.999837
-0.997999 0.999348
-0.996998 0.998534
-0.995998 0.997394
-0.994997 0.995930
-0.993997 0.994142
-0.992996 0.992031
-0.991996 0.989599
-0.990995 0.986848
-0.989995 0.983777
-0.988994 0.980390
-0.987994 0.976689
-0.986993 0.972675
-0.985993 0.968351
-0.984992 0.963719
-0.983992 0.958781
-0.982991 0.953542
-0.981991 0.948004
-0.980990 0.942169
-0.979990 0.936042
-0.978989 0.929626
-0.977989 0.922925
-0.976988 0.915942
-0.975988 0.908681
-0.974987 0.901147
-0.973987 0.893344
-0.972986 0.885276
-0.971986 0.876948
-0.970985 0.868365
-0.969985 0.859531
-0.968984 0.850453
-0.967984 0.841134
-0.966983 0.831580
-0.965983 0.821797
-0.964982 0.811790
-0.963982 0.801565
-0.962981 0.791127
-0.961981 0.780483
-0.960980 0.769639
-0.959980 0.758600
-0.958979 0.747372
-0.957979 0.735963
-0.956978 0.724379
-0.955978 0.712625
-0.954977 0.700709
-0.953977 0.688638
-0.952976 0.676417
-0.951976 0.664054
-0.950975 0.651555
-0.949975 0.638928
-0.948974 0.626180
-0.947974 0.613316
-0.946973 0.600346
-0.945973 0.587275
-0.944972 0.574111
-0.943972 0.560861
-0.942971 0.547532
-0.941971 0.534132
-0.940970 0.520667
-0.939970 0.507145
-0.938969 0.493573
-0.937969 0.479959
-0.936968 0.466310
-0.935968 0.452632
-0.934967 0.438934
-0.933967 0.425223
-0.932966 0.411505
-0.931966 0.397788
-0.930965 0.384080
-0.929965 0.370386
-0.928964 0.356715
-0.927964 0.343073
-0.926963 0.329468
-0.925963 0.315906
-0.924962 0.302395
-0.923962 0.288940
-0.922961 0.275550
-0.921961 0.262230
-0.920960 0.248987
-0.919960 0.235828
-0.918959 0.222759
-0.917959 0.209787
-0.916958 0.196918
-0.915958 0.184158
-0.914957 0.171514
-0.913957 0.158991
-0.912956 0.146594
-0.911956 0.134331
-0.910955 0.122207
-0.909955 0.110226
-0.908954 0.098396
-0.907954 0.086720
-0.906953 0.075205
-0.905953 0.063855
-0.904952 0.052675
-0.903952 0.041670
-0.902951 0.030844
-0.901951 0.020203
-0.900950 0.009751
-0.899950 0.000508
-0.898949 0.010571
-0.897949 0.020432
-0.896948 0.030089
-0.895948 0.039538
-0.894947 0.048774
-0.893947 0.057795
-0.892946 0.066598
-0.891946 0.075180
-0.890945 0.083537
-0.889945 0.091667
-0.888944 0.099568
-0.887944 0.107237
-0.886943 0.114671
-0.885943 0.121870
-0.884942 0.128830
-0.883942 0.135551
-0.882941 0.142030
-0.881941 0.148267
-0.880940 0.154260
-0.879940 0.160008
-0.878939 0.165510
-0.877939 0.170766
-0.876938 0.175775
-0.875938 0.180537
-0.874937 0.185051
-0.873937 0.189317
-0.872936 0.193336
-0.871936 0.197108
-0.870935 0.200633
-0.869935 0.203912
-0.868934 0.206946
-0.867934 0.209736
-0.866933 0.212282
-0.865933 0.214587
-0.864932 0.216651
-0.863932 0.218476
-0.862931 0.220064
-0.861931 0.221416
-0.860930 0.222535
-0.859930 0.223423
-0.858929 0.224082
-0.857929 0.224515
-0.856928 0.224724
-0.855928 0.224712
-0.854927 0.224482
-0.853927 0.224036
-0.852926 0.223379
-0.851926 0.222512
-0.850925 0.221440
-0.849925 0.220166
-0.848924 0.218694
-0.847924 0.217027
-0.846923 0.215169
-0.845923 0.213125
-0.844922 0.210897
-0.843922 0.208491
-0.842921 0.205910
-0.841921 0.203159
-0.840920 0.200242
-0.839920 0.197163
-0.838919 0.193928
-0.837919 0.190541
-0.836918 0.187007
-0.835918 0.183330
-0.834917 0.179515
-0.833917 0.175567
-0.832916 0.171492
-0.831916 0.167293
-0.830915 0.162977
-0.829915 0.158549
-0.828914 0.154013
-0.827914 0.149374
-0.826913 0.144639
-0.825913 0.139812
-0.824912 0.134899
-0.823912 0.129904
-0.822911 0.124833
-0.821911 0.119693
-0.820910 0.114486
-0.819910 0.109221
-0.818909 0.103900
-0.817909 0.098531
-0.816908 0.093118
-0.815908 0.087667
-0.814907 0.082182
-0.813907 0.076670
-0.812906 0.071135
-0.811906 0.065583
-0.810905 0.060019
-0.809905 0.054448
-0.808904 0.048875
-0.807904 0.043305
-0.806903 0.037744
-0.805903 0.032197
-0.804902 0.026668
-0.803902 0.021162
-0.802901 0.015684
-0.801901 0.010238
-0.800900 0.004831
-0.799900 0.000535
-0.798899 0.005853
-0.797899 0.011121
-0.796898 0.016333
-0.795898 0.021485
-0.794897 0.026573
-0.793897 0.031592
-0.792896 0.036540
-0.791896 0.041411
-0.790895 0.046201
-0.789895 0.050908
-0.788894 0.055528
-0.787894 0.060056
-0.786893 0.064490
-0.785893 0.068826
-0.784892 0.073061
-0.783892 0.077191
-0.782891 0.081214
-0.781891 0.085127
-0.780890 0.088928
-0.779890 0.092612
-0.778889 0.096179
-0.777889 0.099625
-0.776888 0.102948
-0.775888 0.106146
-0.774887 0.109217
-0.773887 0.112159
-0.772886 0.114971
-0.771886 0.117650
-0.770885 0.120195
-0.769885 0.122605
-0.768884 0.124879
-0.767884 0.127014
-0.766883 0.129011
-0.765883 0.130868
-0.764882 0.132585
-0.763882 0.134161
-0.762881 0.135595
-0.761881 0.136888
-0.760880 0.138038
-0.759880 0.139046
-0.758879 0.139911
-0.757879 0.140635
-0.756878 0.141217
-0.755878 0.141657
-0.754877 0.141956
-0.753877 0.142115
-0.752876 0.142135
-0.751876 0.142015
-0.750875 0.141758
-0.749875 0.141365
-0.748874 0.140836
-0.747874 0.140173
-0.746873 0.139377
-0.745873 0.138451
-0.744872 0.137395
-0.743872 0.136212
-0.742871 0.134903
-0.741871 0.133470
-0.740870 0.131916
-0.739870 0.130242
-0.738869 0.128451
-0.737869 0.126545
-0.736868 0.124527
-0.735868 0.122399
-0.734867 0.120164
-0.733867 0.117825
-0.732866 0.115384
-0.731866 0.112844
-0.730865 0.110208
-0.729865 0.107479
-0.728864 0.104661
-0.727864 0.101756
-0.726863 0.098768
-0.725863 0.095699
-0.724862 0.092554
-0.723862 0.089335
-0.722861 0.086046
-0.721861 0.082691
-0.720860 0.079272
-0.719860 0.075795
-0.718859 0.072261
-0.717859 0.068675
-0.716858 0.065040
-0.715858 0.061360
-0.714857 0.057639
-0.713857 0.053881
-0.712856 0.050088
-0.711856 0.046266
-0.710855 0.042417
-0.709855 0.038546
-0.708854 0.034656
-0.707854 0.030751
-0.706853 0.026834
-0.705853 0.022910
-0.704852 0.018983
-0.703852 0.015055
-0.702851 0.011131
-0.701851 0.007214
-0.700850 0.003308
-0.699850 0.000583
-0.698849 0.004455
-0.697849 0.008306
-0.696848 0.012132
-0.695848 0.015928
-0.694847 0.019692
-0.693847 0.023421
-0.692846 0.027110
-0.691846 0.030757
-0.690845 0.034358
-0.689845 0.037910
-0.688844 0.041409
-0.687844 0.044854
-0.686843 0.048241
-0.685843 0.051566
-0.684842 0.054827
-0.683842 0.058021
-0.682841 0.061145
-0.681841 0.064198
-0.680840 0.067175
-0.679840 0.070074
-0.678839 0.072894
-0.677839 0.075632
-0.676838 0.078284
-0.675838 0.080851
-0.674837 0.083328
-0.673837 0.085714
-0.672836 0.088008
-0.671836 0.090207
-0.670835 0.092310
-0.669835 0.094315
-0.668834 0.096220
-0.667834 0.098024
-0.666833 0.099726
-0.665833 0.101325
-0.664832 0.102819
-0.663832 0.104207
-0.662831 0.105488
-0.661831 0.106662
-0.660830 0.107728
-0.659830 0.108685
-0.658829 0.109533
-0.657829 0.110270
-0.656828 0.110898
-0.655828 0.111415
-0.654827 0.111821
-0.653827 0.112117
-0.652826 0.112303
-0.651826 0.112378
-0.650825 0.112344
-0.649825 0.112199
-0.648824 0.111946
-0.647824 0.111584
-0.646823 0.111115
-0.645823 0.110538
-0.644822 0.109855
-0.643822 0.109067
-0.642821 0.108175
-0.641821 0.107180
-0.640820 0.106083
-0.639820 0.104886
-0.638819 0.103590
-0.637819 0.102197
-0.636818 0.100708
-0.635818 0.099125
-0.634817 0.097449
-0.633817 0.095684
-0.632816 0.093829
-0.631816 0.091888
-0.630815 0.089863
-0.629815 0.087756
-0.628814 0.085568
-0.627814 0.083303
-0.626813 0.080963
-0.625813 0.078549
-0.624812 0.076066
-0.623812 0.073514
-0.622811 0.070897
-0.621811 0.068218
-0.620810 0.065479
-0.619810 0.062682
-0.618809 0.059832
-0.617809 0.056930
-0.616808 0.053979
-0.615808 0.050983
-0.614807 0.047944
-0.613807 0.044865
-0.612806 0.041750
-0.611806 0.038602
-0.610805 0.035423
-0.609805 0.032216
-0.608804 0.028985
-0.607804 0.025734
-0.606803 0.022464
-0.605803 0.019179
-0.604802 0.015883
-0.603802 0.012579
-0.602801 0.009269
-0.601801 0.005957
-0.600800 0.002646
-0.599800 0.000661
-0.598799 0.003960
-0.597799 0.007249
-0.596798 0.010524
-0.595798 0.013782
-0.594797 0.017021
-0.593797 0.020237
-0.592796 0.023427
-0.591796 0.026587
-0.590795 0.029717
-0.589795 0.032811
-0.588794 0.035867
-0.587794 0.038883
-0.586793 0.041856
-0.585793 0.044783
-0.584792 0.047660
-0.583792 0.050486
-0.582791 0.053258
-0.581791 0.055974
-0.580790 0.058630
-0.579790 0.061225
-0.578789 0.063755
-0.577789 0.066220
-0.576788 0.068615
-0.575788 0.070940
-0.574787 0.073192
-0.573787 0.075369
-0.572786 0.077470
-0.571786 0.079491
-0.570785 0.081432
-0.569785 0.083291
-0.568784 0.085065
-0.567784 0.086754
-0.566783 0.088356
-0.565783 0.089870
-0.564782 0.091293
-0.563782 0.092626
-0.562781 0.093866
-0.561781 0.095013
-0.560780 0.096066
-0.559780 0.097023
-0.558779 0.097885
-0.557779 0.098649
-0.556778 0.099317
-0.555778 0.099887
-0.554777 0.100358
-0.553777 0.100731
-0.552776 0.101005
-0.551776 0.101180
-0.550775 0.101256
-0.549775 0.101233
-0.548774 0.101111
-0.547774 0.100890
-0.546773 0.100570
-0.545773 0.100153
-0.544772 0.099638
-0.543772 0.099027
-0.542771 0.098319
-0.541771 0.097515
-0.540770 0.096617
-0.539770 0.095625
-0.538769 0.094541
-0.537769 0.093364
-0.536768 0.092098
-0.535768 0.090742
-0.534767 0.089299
-0.533767 0.087769
-0.532766 0.086154
-0.531766 0.084457
-0.530765 0.082677
-0.529765 0.080818
-0.528764 0.078882
-0.527764 0.076869
-0.526763 0.074782
-0.525763 0.072623
-0.524762 0.070394
-0.523762 0.068097
-0.522761 0.065735
-0.521761 0.063310
-0.520760 0.060823
-0.519760 0.058279
-0.518759 0.055678
-0.517759 0.053024
-0.516758 0.050319
-0.515758 0.047566
-0.514757 0.044767
-0.513757 0.041925
-0.512756 0.039043
-0.511756 0.036123
-0.510755 0.033169
-0.509755 0.030183
-0.508754 0.027168
-0.507754 0.024126
-0.506753 0.021062
-0.505753 0.017978
-0.504752 0.014876
-0.503752 0.011760
-0.502751 0.008633
-0.501751 0.005498
-0.500750 0.002357
-0.499750 0.000786
-0.498749 0.003928
-0.497749 0.007066
-0.496748 0.010198
-0.495748 0.013320
-0.494747 0.016429
-0.493747 0.019522
-0.492746 0.022597
-0.491746 0.025650
-0.490745 0.028679
-0.489745 0.031679
-0.488744 0.034650
-0.487744 0.037587
-0.486743 0.040489
-0.485743 0.043351
-0.484742 0.046172
-0.483742 0.048948
-0.482741 0.051678
-0.481741 0.054358
-0.480740 0.056985
-0.479740 0.059558
-0.478739 0.062074
-0.477739 0.064530
-0.476738 0.066924
-0.475738 0.069254
-0.474737 0.071517
-0.473737 0.073711
-0.472736 0.075834
-0.471736 0.077884
-0.470735 0.079860
-0.469735 0.081758
-0.468734 0.083577
-0.467734 0.085316
-0.466733 0.086972
-0.465733 0.088544
-0.464732 0.090031
-0.463732 0.091431
-0.462731 0.092742
-0.461731 0.093964
-0.460730 0.095094
-0.459730 0.096133
-0.458729 0.097078
-0.457729 0.097929
-0.456728 0.098685
-0.455728 0.099345
-0.454727 0.099908
-0.453727 0.100374
-0.452726 0.100742
-0.451726 0.101012
-0.450725 0.101184
-0.449725 0.101257
-0.448724 0.101230
-0.447724 0.101105
-0.446723 0.100880
-0.445723 0.100557
-0.444722 0.100135
-0.443722 0.099614
-0.442721 0.098995
-0.441721 0.098279
-0.440720 0.097466
-0.439720 0.096556
-0.438719 0.095551
-0.437719 0.094451
-0.436718 0.093257
-0.435718 0.091971
-0.434717 0.090593
-0.433717 0.089124
-0.432716 0.087566
-0.431716 0.085921
-0.430715 0.084189
-0.429715 0.082372
-0.428714 0.080472
-0.427714 0.078490
-0.426713 0.076429
-0.425713 0.074290
-0.424712 0.072076
-0.423712 0.069787
-0.422711 0.067426
-0.421711 0.064996
-0.420710 0.062498
-0.419710 0.059935
-0.418709 0.057310
-0.417709 0.054623
-0.416708 0.051879
-0.415708 0.049080
-0.414707 0.046228
-0.413707 0.043325
-0.412706 0.040375
-0.411706 0.037381
-0.410705 0.034344
-0.409705 0.031268
-0.408704 0.028156
-0.407704 0.025011
-0.406703 0.021835
-0.405703 0.018632
-0.404702 0.015404
-0.403702 0.012156
-0.402701 0.008888
-0.401701 0.005606
-0.400700 0.002312
-0.399700 0.000992
-0.398699 0.004301
-0.397699 0.007613
-0.396698 0.010924
-0.395698 0.014232
-0.394697 0.017532
-0.393697 0.020823
-0.392696 0.024101
-0.391696 0.027362
-0.390695 0.030604
-0.389695 0.033823
-0.388694 0.037016
-0.387694 0.040180
-0.386693 0.043312
-0.385693 0.046409
-0.384692 0.049469
-0.383692 0.052486
-0.382691 0.055460
-0.381691 0.058387
-0.380690 0.061264
-0.379690 0.064087
-0.378689 0.066856
-0.377689 0.069565
-0.376688 0.072214
-0.375688 0.074798
-0.374687 0.077316
-0.373687 0.079765
-0.372686 0.082142
-0.371686 0.084445
-0.370685 0.086672
-0.369685 0.088820
-0.368684 0.090886
-0.367684 0.092870
-0.366683 0.094767
-0.365683 0.096578
-0.364682 0.098299
-0.363682 0.099928
-0.362681 0.101464
-0.361681 0.102906
-0.360680 0.104251
-0.359680 0.105497
-0.358679 0.106644
-0.357679 0.107690
-0.356678 0.108634
-0.355678 0.109474
-0.354677 0.110210
-0.353677 0.110840
-0.352676 0.111363
-0.351676 0.111779
-0.350675 0.112086
-0.349675 0.112285
-0.348674 0.112375
-0.347674 0.112354
-0.346673 0.112224
-0.345673 0.111983
-0.344672 0.111632
-0.343672 0.111170
-0.342671 0.110598
-0.341671 0.109915
-0.340670 0.109123
-0.339670 0.108220
-0.338669 0.107209
-0.337669 0.106089
-0.336668 0.104861
-0.335668 0.103526
-0.334667 0.102085
-0.333667 0.100539
-0.332666 0.098888
-0.331666 0.097135
-0.330665 0.095280
-0.329665 0.093325
-0.328664 0.091271
-0.327664 0.089119
-0.326663 0.086873
-0.325663 0.084533
-0.324662 0.082100
-0.323662 0.079578
-0.322661 0.076969
-0.321661 0.074273
-0.320660 0.071494
-0.319660 0.068634
-0.318659 0.065696
-0.317659 0.062681
-0.316658 0.059592
-0.315658 0.056432
-0.314657 0.053204
-0.313657 0.049911
-0.312656 0.046555
-0.311656 0.043139
-0.310655 0.039666
-0.309655 0.036140
-0.308654 0.032563
-0.307654 0.028939
-0.306653 0.025270
-0.305653 0.021561
-0.304652 0.017815
-0.303652 0.014034
-0.302651 0.010222
-0.301651 0.006384
-0.300650 0.002521
-0.299650 0.001361
-0.298649 0.005260
-0.297649 0.009171
-0.296648 0.013092
-0.295648 0.017019
-0.294647 0.020947
-0.293647 0.024873
-0.292646 0.028794
-0.291646 0.032705
-0.290645 0.036603
-0.289645 0.040484
-0.288644 0.044345
-0.287644 0.048181
-0.286643 0.051988
-0.285643 0.055764
-0.284642 0.059505
-0.283642 0.063205
-0.282641 0.066863
-0.281641 0.070474
-0.280640 0.074034
-0.279640 0.077541
-0.278639 0.080989
-0.277639 0.084377
-0.276638 0.087699
-0.275638 0.090953
-0.274637 0.094136
-0.273637 0.097243
-0.272636 0.100272
-0.271636 0.103219
-0.270635 0.106081
-0.269635 0.108855
-0.268634 0.111538
-0.267634 0.114126
-0.266633 0.116617
-0.265633 0.119007
-0.264632 0.121295
-0.263632 0.123477
-0.262631 0.125550
-0.261631 0.127512
-0.260630 0.129361
-0.259630 0.131093
-0.258629 0.132708
-0.257629 0.134202
-0.256628 0.135573
-0.255628 0.136819
-0.254627 0.137939
-0.253627 0.138930
-0.252626 0.139792
-0.251626 0.140521
-0.250625 0.141117
-0.249625 0.141579
-0.248624 0.141904
-0.247624 0.142092
-0.246623 0.142142
-0.245623 0.142053
-0.244622 0.141824
-0.243622 0.141454
-0.242621 0.140943
-0.241621 0.140291
-0.240620 0.139496
-0.239620 0.138559
-0.238619 0.137480
-0.237619 0.136259
-0.236618 0.134896
-0.235618 0.133391
-0.234617 0.131744
-0.233617 0.129957
-0.232616 0.128030
-0.231616 0.125964
-0.230615 0.123759
-0.229615 0.121417
-0.228614 0.118940
-0.227614 0.116327
-0.226613 0.113582
-0.225613 0.110705
-0.224612 0.107698
-0.223612 0.104563
-0.222611 0.101302
-0.221611 0.097917
-0.220610 0.094410
-0.219610 0.090784
-0.218609 0.087042
-0.217609 0.083185
-0.216608 0.079216
-0.215608 0.075139
-0.214607 0.070956
-0.213607 0.066670
-0.212606 0.062285
-0.211606 0.057804
-0.210605 0.053229
-0.209605 0.048566
-0.208604 0.043816
-0.207604 0.038985
-0.206603 0.034075
-0.205603 0.029091
-0.204602 0.024037
-0.203602 0.018916
-0.202601 0.013734
-0.201601 0.008494
-0.200600 0.003200
-0.199600 0.002143
-0.198599 0.007530
-0.197599 0.012957
-0.196598 0.018419
-0.195598 0.023911
-0.194597 0.029430
-0.193597 0.034969
-0.192596 0.040524
-0.191596 0.046089
-0.190595 0.051661
-0.189595 0.057234
-0.188594 0.062802
-0.187594 0.068361
-0.186593 0.073905
-0.185593 0.079429
-0.184592 0.084928
-0.183592 0.090397
-0.182591 0.095830
-0.181591 0.101222
-0.180590 0.106567
-0.179590 0.111861
-0.178589 0.117097
-0.177589 0.122271
-0.176588 0.127378
-0.175588 0.132411
-0.174587 0.137366
-0.173587 0.142237
-0.172586 0.147019
-0.171586 0.151706
-0.170585 0.156294
-0.169585 0.160777
-0.168584 0.165150
-0.167584 0.169408
-0.166583 0.173545
-0.165583 0.177557
-0.164582 0.181439
-0.163582 0.185186
-0.162581 0.188792
-0.161581 0.192254
-0.160580 0.195565
-0.159580 0.198722
-0.158579 0.201721
-0.157579 0.204555
-0.156578 0.207222
-0.155578 0.209716
-0.154577 0.212034
-0.153577 0.214170
-0.152576 0.216122
-0.151576 0.217885
-0.150575 0.219455
-0.149575 0.220828
-0.148574 0.222002
-0.147574 0.222971
-0.146573 0.223734
-0.145573 0.224286
-0.144572 0.224624
-0.143572 0.224745
-0.142571 0.224647
-0.141571 0.224327
-0.140570 0.223781
-0.139570 0.223008
-0.138569 0.222005
-0.137569 0.220769
-0.136568 0.219299
-0.135568 0.217593
-0.134567 0.215649
-0.133567 0.213465
-0.132566 0.211039
-0.131566 0.208372
-0.130565 0.205460
-0.129565 0.202304
-0.128564 0.198901
-0.127564 0.195253
-0.126563 0.191358
-0.125563 0.187215
-0.124562 0.182825
-0.123562 0.178187
-0.122561 0.173302
-0.121561 0.168169
-0.120560 0.162790
-0.119560 0.157165
-0.118559 0.151294
-0.117559 0.145179
-0.116558 0.138821
-0.115558 0.132221
-0.114557 0.125380
-0.113557 0.118300
-0.112556 0.110983
-0.111556 0.103431
-0.110555 0.095646
-0.109555 0.087631
-0.108554 0.079387
-0.107554 0.070917
-0.106553 0.062224
-0.105553 0.053312
-0.104552 0.044183
-0.103552 0.034840
-0.102551 0.025287
-0.101551 0.015527
-0.100550 0.005564
-0.099550 0.004597
-0.098549 0.014953
-0.097549 0.025501
-0.096548 0.036234
-0.095548 0.047150
-0.094547 0.058243
-0.093547 0.069509
-0.092546 0.080942
-0.091546 0.092538
-0.090545 0.104292
-0.089545 0.116198
-0.088544 0.128251
-0.087544 0.140446
-0.086543 0.152776
-0.085543 0.165237
-0.084542 0.177821
-0.083542 0.190524
-0.082541 0.203340
-0.081541 0.216261
-0.080540 0.229282
-0.079540 0.242397
-0.078539 0.255598
-0.077539 0.268880
-0.076538 0.282236
-0.075538 0.295660
-0.074537 0.309144
-0.073537 0.322681
-0.072536 0.336266
-0.071536 0.349890
-0.070535 0.363547
-0.069535 0.377230
-0.068534 0.390932
-0.067534 0.404646
-0.066533 0.418364
-0.065533 0.432080
-0.064532 0.445786
-0.063532 0.459474
-0.062531 0.473138
-0.061531 0.486771
-0.060530 0.500365
-0.059530 0.513913
-0.058529 0.527407
-0.057529 0.540840
-0.056528 0.554206
-0.055528 0.567496
-0.054527 0.580704
-0.053527 0.593823
-0.052526 0.606844
-0.051526 0.619762
-0.050525 0.632569
-0.049525 0.645257
-0.048524 0.657821
-0.047524 0.670253
-0.046523 0.682545
-0.045523 0.694693
-0.044522 0.706687
-0.043522 0.718523
-0.042521 0.730193
-0.041521 0.741690
-0.040520 0.753009
-0.039520 0.764143
-0.038519 0.775086
-0.037519 0.785831
-0.036518 0.796372
-0.035518 0.806704
-0.034517 0.816821
-0.033517 0.826717
-0.032516 0.836386
-0.031516 0.845823
-0.030515 0.855022
-0.029515 0.863979
-0.028514 0.872688
-0.027514 0.881144
-0.026513 0.889342
-0.025513 0.897279
-0.024512 0.904948
-0.023512 0.912346
-0.022511 0.919468
-0.021511 0.926311
-0.020510 0.932870
-0.019510 0.939142
-0.018509 0.945123
-0.017509 0.950810
-0.016508 0.956199
-0.015508 0.961288
-0.014507 0.966073
-0.013507 0.970551
-0.012506 0.974721
-0.011506 0.978579
-0.010505 0.982123
-0.009505 0.985352
-0.008504 0.988263
-0.007504 0.990855
-0.006503 0.993127
-0.005503 0.995076
-0.004502 0.996702
-0.003502 0.998004
-0.002501 0.998981
-0.001501 0.999633
-0.000500 0.999959
0.000500 0.999959
0.001501 0.999633
0.002501 0.998981
0.003502 0.998004
0.004502 0.996702
0.005503 0.995076
0.006503 0.993127
0.007504 0.990855
0.008504 0.988263
0.009505 0.985352
0.010505 0.982123
0.011506 0.978579
0.012506 0.974721
0.013507 0.970551
0.014507 0.966073
0.015508 0.961288
0.016508 0.956199
0.017509 0.950810
0.018509 0.945123
0.019510 0.939142
0.020510 0.932870
0.021511 0.926311
0.022511 0.919468
0.023512 0.912346
0.024512 0.904948
0.025513 0.897279
0.026513 0.889342
0.027514 0.881144
0.028514 0.872688
0.029515 0.863979
0.030515 0.855022
0.031516 0.845823
0.032516 0.836386
0.033517 0.826717
0.034517 0.816821
0.035518 0.806704
0.036518 0.796372
0.037519 0.785831
0.038519 0.775086
0.039520 0.764143
0.040520 0.753009
0.041521 0.741690
0.042521 0.730193
0.043522 0.718523
0.044522 0.706687
0.045523 0.694693
0.046523 0.682545
0.047524 0.670253
0.048524 0.657821
0.049525 0.645257
0.050525 0.632569
0.051526 0.619762
0.052526 0.606844
0.053527 0.593823
0.054527 0.580704
0.055528 0.567496
0.056528 0.554206
0.057529 0.540840
0.058529 0.527407
0.059530 0.513913
0.060530 0.500365
0.061531 0.486771
0.062531 0.473138
0.063532 0.459474
0.064532 0.445786
0.065533 0.432080
0.066533 0.418364
0.067534 0.404646
0.068534 0.390932
0.069535 0.377230
0.070535 0.363547
0.071536 0.349890
0.072536 0.336266
0.073537 0.322681
0.074537 0.309144
0.075538 0.295660
0.076538 0.282236
0.077539 0.268880
0.078539 0.255598
0.079540 0.242397
0.080540 0.229282
0.081541 0.216261
0.082541 0.203340
0.083542 0.190524
0.084542 0.177821
0.085543 0.165237
0.086543 0.152776
0.087544 0.140446
0.088544 0.128251
0.089545 0.116198
0.090545 0.104292
0.091546 0.092538
0.092546 0.080942
0.093547 0.069509
0.094547 0.058243
0.095548 0.047150
0.096548 0.036234
0.097549 0.025501
0.098549 0.014953
0.099550 0.004597
0.100550 0.005564
0.101551 0.015527
0.102551 0.025287
0.103552 0.034840
0.104552 0.044183
0.105553 0.053312
0.106553 0.062224
0.107554 0.070917
0.108554 0.079387
0.109555 0.087631
0.110555 0.095646
0.111556 0.103431
0.112556 0.110983
0.113557 0.118300
0.114557 0.125380
0.115558 0.132221
0.116558 0.138821
0.117559 0.145179
0.118559 0.151294
0.119560 0.157165
0.120560 0.162790
0.121561 0.168169
0.122561 0.173302
0.123562 0.178187
0.124562 0.182825
0.125563 0.187215
0.126563 0.191358
0.127564 0.195253
0.128564 0.198901
0.129565 0.202304
0.130565 0.205460
0.131566 0.208372
0.132566 0.211039
0.133567 0.213465
0.134567 0.215649
0.135568 0.217593
0.136568 0.219299
0.137569 0.220769
0.138569 0.222005
0.139570 0.223008
0.140570 0.223781
0.141571 0.224327
0.142571 0.224647
0.143572 0.224745
0.144572 0.224624
0.145573 0.224286
0.146573 0.223734
0.147574 0.222971
0.148574 0.222002
0.149575 0.220828
0.150575 0.219455
0.151576 0.217885
0.152576 0.216122
0.153577 0.214170
0.154577 0.212034
0.155578 0.209716
0.156578 0.207222
0.157579 0.204555
0.158579 0.201721
0.159580 0.198722
0.160580 0.195565
0.161581 0.192254
0.162581 0.188792
0.163582 0.185186
0.164582 0.181439
0.165583 0.177557
0.166583 0.173545
0.167584 0.169408
0.168584 0.165150
0.169585 0.160777
0.170585 0.156294
0.171586 0.151706
0.172586 0.147019
0.173587 0.142237
0.174587 0.137366
0.175588 0.132411
0.176588 0.127378
0.177589 0.122271
0.178589 0.117097
0.179590 0.111861
0.180590 0.106567
0.181591 0.101222
0.182591 0.095830
0.183592 0.090397
0.184592 0.084928
0.185593 0.079429
0.186593 0.073905
0.187594 0.068361
0.188594 0.062802
0.189595 0.057234
0.190595 0.051661
0.191596 0.046089
0.192596 0.040524
0.193597 0.034969
0.194597 0.029430
0.195598 0.023911
0.196598 0.018419
0.197599 0.012957
0.198599 0.007530
0.199600 0.002143
0.200600 0.003200
0.201601 0.008494
0.202601 0.013734
0.203602 0.018916
0.204602 0.024037
0.205603 0.029091
0.206603 0.034075
0.207604 0.038985
0.208604 0.043816
0.209605 0.048566
0.210605 0.053229
0.211606 0.057804
0.212606 0.062285
0.213607 0.066670
0.214607 0.070956
0.215608 0.075139
0.216608 0.079216
0.217609 0.083185
0.218609 0.087042
0.219610 0.090784
0.220610 0.094410
0.221611 0.097917
0.222611 0.101302
0.223612 0.104563
0.224612 0.107698
0.225613 0.110705
0.226613 0.113582
0.227614 0.116327
0.228614 0.118940
0.229615 0.121417
0.230615 0.123759
0.231616 0.125964
0.232616 0.128030
0.233617 0.129957
0.234617 0.131744
0.235618 0.133391
0.236618 0.134896
0.237619 0.136259
0.238619 0.137480
0.239620 0.138559
0.240620 0.139496
0.241621 0.140291
0.242621 0.140943
0.243622 0.141454
0.244622 0.141824
0.245623 0.142053
0.246623 0.142142
0.247624 0.142092
0.248624 0.141904
0.249625 0.141579
0.250625 0.141117
0.251626 0.140521
0.252626 0.139792
0.253627 0.138930
0.254627 0.137939
0.255628 0.136819
0.256628 0.135573
0.257629 0.134202
0.258629 0.132708
0.259630 0.131093
0.260630 0.129361
0.261631 0.127512
0.262631 0.125550
0.263632 0.123477
0.264632 0.121295
0.265633 0.119007
0.266633 0.116617
0.267634 0.114126
0.268634 0.111538
0.269635 0.108855
0.270635 0.106081
0.271636 0.103219
0.272636 0.100272
0.273637 0.097243
0.274637 0.094136
0.275638 0.090953
0.276638 0.087699
0.277639 0.084377
0.278639 0.080989
0.279640 0.077541
0.280640 0.074034
0.281641 0.070474
0.282641 0.066863
0.283642 0.063205
0.284642 0.059505
0.285643 0.055764
0.286643 0.051988
0.287644 0.048181
0.288644 0.044345
0.289645 0.040484
0.290645 0.036603
0.291646 0.032705
0.292646 0.028794
0.293647 0.024873
0.294647 0.020947
0.295648 0.017019
0.296648 0.013092
0.297649 0.009171
0.298649 0.005260
0.299650 0.001361
0.300650 0.002521
0.301651 0.006384
0.302651 0.010222
0.303652 0.014034
0.304652 0.017815
0.305653 0.021561
0.306653 0.025270
0.307654 0.028939
0.308654 0.032563
0.309655 0.036140
0.310655 0.039666
0.311656 0.043139
0.312656 0.046555
0.313657 0.049911
0.314657 0.053204
0.315658 0.056432
0.316658 0.059592
0.317659 0.062681
0.318659 0.065696
0.319660 0.068634
0.320660 0.071494
0.321661 0.074273
0.322661 0.076969
0.323662 0.079578
0.324662 0.082100
0.325663 0.084533
0.326663 0.086873
0.327664 0.089119
0.328664 0.091271
0.329665 0.093325
0.330665 0.095280
0.331666 0.097135
0.332666 0.098888
0.333667 0.100539
0.334667 0.102085
0.335668 0.103526
0.336668 0.104861
0.337669 0.106089
0.338669 0.107209
0.339670 0.108220
0.340670 0.109123
0.341671 0.109915
0.342671 0.110598
0.343672 0.111170
0.344672 0.111632
0.345673 0.111983
0.346673 0.112224
0.347674 0.112354
0.348674 0.112375
0.349675 0.112285
0.350675 0.112086
0.351676 0.111779
0.352676 0.111363
0.353677 0.110840
0.354677 0.110210
0.355678 0.109474
0.356678 0.108634
0.357679 0.107690
0.358679 0.106644
0.359680 0.105497
0.360680 0.104251
0.361681 0.102906
0.362681 0.101464
0.363682 0.099928
0.364682 0.098299
0.365683 0.096578
0.366683 0.094767
0.367684 0.092870
0.368684 0.090886
0.369685 0.088820
0.370685 0.086672
0.371686 0.084445
0.372686 0.082142
0.373687 0.079765
0.374687 0.077316
0.375688 0.074798
0.376688 0.072214
0.377689 0.069565
0.378689 0.066856
0.379690 0.064087
0.380690 0.061264
0.381691 0.058387
0.382691 0.055460
0.383692 0.052486
0.384692 0.049469
0.385693 0.046409
0.386693 0.043312
0.387694 0.040180
0.388694 0.037016
0.389695 0.033823
0.390695 0.030604
0.391696 0.027362
0.392696 0.024101
0.393697 0.020823
0.394697 0.017532
0.395698 0.014232
0.396698 0.010924
0.397699 0.007613
0.398699 0.004301
0.399700 0.000992
0.400700 0.002312
0.401701 0.005606
0.402701 0.008888
0.403702 0.012156
0.404702 0.015404
0.405703 0.018632
0.406703 0.021835
0.407704 0.025011
0.408704 0.028156
0.409705 0.031268
0.410705 0.034344
0.411706 0.037381
0.412706 0.040375
0.413707 0.043325
0.414707 0.046228
0.415708 0.049080
0.416708 0.051879
0.417709 0.054623
0.418709 0.057310
0.419710 0.059935
0.420710 0.062498
0.421711 0.064996
0.422711 0.067426
0.423712 0.069787
0.424712 0.072076
0.425713 0.074290
0.426713 0.076429
0.427714 0.078490
0.428714 0.080472
0.429715 0.082372
0.430715 0.084189
0.431716 0.085921
0.432716 0.087566
0.433717 0.089124
0.434717 0.090593
0.435718 0.091971
0.436718 0.093257
0.437719 0.094451
0.438719 0.095551
0.439720 0.096556
0.440720 0.097466
0.441721 0.098279
0.442721 0.098995
0.443722 0.099614
0.444722 0.100135
0.445723 0.100557
0.446723 0.100880
0.447724 0.101105
0.448724 0.101230
0.449725 0.101257
0.450725 0.101184
0.451726 0.101012
0.452726 0.100742
0.453727 0.100374
0.454727 0.099908
0.455728 0.099345
0.456728 0.098685
0.457729 0.097929
0.458729 0.097078
0.459730 0.096133
0.460730 0.095094
0.461731 0.093964
0.462731 0.092742
0.463732 0.091431
0.464732 0.090031
0.465733 0.088544
0.466733 0.086972
0.467734 0.085316
0.468734 0.083577
0.469735 0.081758
0.470735 0.079860
0.471736 0.077884
0.472736 0.075834
0.473737 0.073711
0.474737 0.071517
0.475738 0.069254
0.476738 0.066924
0.477739 0.064530
0.478739 0.062074
0.479740 0.059558
0.480740 0.056985
0.481741 0.054358
0.482741 0.051678
0.483742 0.048948
0.484742 0.046172
0.485743 0.043351
0.486743 0.040489
0.487744 0.037587
0.488744 0.034650
0.489745 0.031679
0.490745 0.028679
0.491746 0.025650
0.492746 0.022597
0.493747 0.019522
0.494747 0.016429
0.495748 0.013320
0.496748 0.010198
0.497749 0.007066
0.498749 0.003928
0.499750 0.000786
0.500750 0.002357
0.501751 0.005498
0.502751 0.008633
0.503752 0.011760
0.504752 0.014876
0.505753 0.017978
0.506753 0.021062
0.507754 0.024126
0.508754 0.027168
0.509755 0.030183
0.510755 0.033169
0.511756 0.036123
0.512756 0.039043
0.513757 0.041925
0.514757 0.044767
0.515758 0.047566
0.516758 0.050319
0.517759 0.053024
0.518759 0.055678
0.519760 0.058279
0.520760 0.060823
0.521761 0.063310
0.522761 0.065735
0.523762 0.068097
0.524762 0.070394
0.525763 0.072623
0.526763 0.074782
0.527764 0.076869
0.528764 0.078882
0.529765 0.080818
0.530765 0.082677
0.531766 0.084457
0.532766 0.086154
0.533767 0.087769
0.534767 0.089299
0.535768 0.090742
0.536768 0.092098
0.537769 0.093364
0.538769 0.094541
0.539770 0.095625
0.540770 0.096617
0.541771 0.097515
0.542771 0.098319
0.543772 0.099027
0.544772 0.099638
0.545773 0.100153
0.546773 0.100570
0.547774 0.100890
0.548774 0.101111
0.549775 0.101233
0.550775 0.101256
0.551776 0.101180
0.552776 0.101005
0.553777 0.100731
0.554777 0.100358
0.555778 0.099887
0.556778 0.099317
0.557779 0.098649
0.558779 0.097885
0.559780 0.097023
0.560780 0.096066
0.561781 0.095013
0.562781 0.093866
0.563782 0.092626
0.564782 0.091293
0.565783 0.089870
0.566783 0.088356
0.567784 0.086754
0.568784 0.085065
0.569785 0.083291
0.570785 0.081432
0.571786 0.079491
0.572786 0.077470
0.573787 0.075369
0.574787 0.073192
0.575788 0.070940
0.576788 0.068615
0.577789 0.066220
0.578789 0.063755
0.579790 0.061225
0.580790 0.058630
0.581791 0.055974
0.582791 0.053258
0.583792 0.050486
0.584792 0.047660
0.585793 0.044783
0.586793 0.041856
0.587794 0.038883
0.588794 0.035867
0.589795 0.032811
0.590795 0.029717
0.591796 0.026587
0.592796 0.023427
0.593797 0.020237
0.594797 0.017021
0.595798 0.013782
0.596798 0.010524
0.597799 0.007249
0.598799 0.003960
0.599800 0.000661
0.600800 0.002646
0.601801 0.005957
0.602801 0.009269
0.603802 0.012579
0.604802 0.015883
0.605803 0.019179
0.606803 0.022464
0.607804 0.025734
0.608804 0.028985
0.609805 0.032216
0.610805 0.035423
0.611806 0.038602
0.612806 0.041750
0.613807 0.044865
0.614807 0.047944
0.615808 0.050983
0.616808 0.053979
0.617809 0.056930
0.618809 0.059832
0.619810 0.062682
0.620810 0.065479
0.621811 0.068218
0.622811 0.070897
0.623812 0.073514
0.624812 0.076066
0.625813 0.078549
0.626813 0.080963
0.627814 0.083303
0.628814 0.085568
0.629815 0.087756
0.630815 0.089863
0.631816 0.091888
0.632816 0.093829
0.633817 0.095684
0.634817 0.097449
0.635818 0.099125
0.636818 0.100708
0.637819 0.102197
0.638819 0.103590
0.639820 0.104886
0.640820 0.106083
0.641821 0.107180
0.642821 0.108175
0.643822 0.109067
0.644822 0.109855
0.645823 0.110538
0.646823 0.111115
0.647824 0.111584
0.648824 0.111946
0.649825 0.112199
0.650825 0.112344
0.651826 0.112378
0.652826 0.112303
0.653827 0.112117
0.654827 0.111821
0.655828 0.111415
0.656828 0.110898
0.657829 0.110270
0.658829 0.109533
0.659830 0.108685
0.660830 0.107728
0.661831 0.106662
0.662831 0.105488
0.663832 0.104207
0.664832 0.102819
0.665833 0.101325
0.666833 0.099726
0.667834 0.098024
0.668834 0.096220
0.669835 0.094315
0.670835 0.092310
0.671836 0.090207
0.672836 0.088008
0.673837 0.085714
0.674837 0.083328
0.675838 0.080851
0.676838 0.078284
0.677839 0.075632
0.678839 0.072894
0.679840 0.070074
0.680840 0.067175
0.681841 0.064198
0.682841 0.061145
0.683842 0.058021
0.684842 0.054827
0.685843 0.051566
0.686843 0.048241
0.687844 0.044854
0.688844 0.041409
0.689845 0.037910
0.690845 0.034358
0.691846 0.030757
0.692846 0.027110
0.693847 0.023421
0.694847 0.019692
0.695848 0.015928
0.696848 0.012132
0.697849 0.008306
0.698849 0.004455
0.699850 0.000583
0.700850 0.003308
0.701851 0.007214
0.702851 0.011131
0.703852 0.015055
0.704852 0.018983
0.705853 0.022910
0.706853 0.026834
0.707854 0.030751
0.708854 0.034656
0.709855 0.038546
0.710855 0.042417
0.711856 0.046266
0.712856 0.050088
0.713857 0.053881
0.714857 0.057639
0.715858 0.061360
0.716858 0.065040
0.717859 0.068675
0.718859 0.072261
0.719860 0.075795
0.720860 0.079272
0.721861 0.082691
0.722861 0.086046
0.723862 0.089335
0.724862 0.092554
0.725863 0.095699
0.726863 0.098768
0.727864 0.101756
0.728864 0.104661
0.729865 0.107479
0.730865 0.110208
0.731866 0.112844
0.732866 0.115384
0.733867 0.117825
0.734867 0.120164
0.735868 0.122399
0.736868 0.124527
0.737869 0.126545
0.738869 0.128451
0.739870 0.130242
0.740870 0.131916
0.741871 0.133470
0.742871 0.134903
0.743872 0.136212
0.744872 0.137395
0.745873 0.138451
0.746873 0.139377
0.747874 0.140173
0.748874 0.140836
0.749875 0.141365
0.750875 0.141758
0.751876 0.142015
0.752876 0.142135
0.753877 0.142115
0.754877 0.141956
0.755878 0.141657
0.756878 0.141217
0.757879 0.140635
0.758879 0.139911
0.759880 0.139046
0.760880 0.138038
0.761881 0.136888
0.762881 0.135595
0.763882 0.134161
0.764882 0.132585
0.765883 0.130868
0.766883 0.129011
0.767884 0.127014
0.768884 0.124879
0.769885 0.122605
0.770885 0.120195
0.771886 0.117650
0.772886 0.114971
0.773887 0.112159
0.774887 0.109217
0.775888 0.106146
0.776888 0.102948
0.777889 0.099625
0.778889 0.096179
0.779890 0.092612
0.780890 0.088928
0.781891 0.085127
0.782891 0.081214
0.783892 0.077191
0.784892 0.073061
0.785893 0.068826
0.786893 0.064490
0.787894 0.060056
0.788894 0.055528
0.789895 0.050908
0.790895 0.046201
0.791896 0.041411
0.792896 0.036540
0.793897 0.031592
0.794897 0.026573
0.795898 0.021485
0.796898 0.016333
0.797899 0.011121
0.798899 0.005853
0.799900 0.000535
0.800900 0.004831
0.801901 0.010238
0.802901 0.015684
0.803902 0.021162
0.804902 0.026668
0.805903 0.032197
0.806903 0.037744
0.807904 0.043305
0.808904 0.048875
0.809905 0.054448
0.810905 0.060019
0.811906 0.065583
0.812906 0.071135
0.813907 0.076670
0.814907 0.082182
0.815908 0.087667
0.816908 0.093118
0.817909 0.098531
0.818909 0.103900
0.819910 0.109221
0.820910 0.114486
0.821911 0.119693
0.822911 0.124833
0.823912 0.129904
0.824912 0.134899
0.825913 0.139812
0.826913 0.144639
0.827914 0.149374
0.828914 0.154013
0.829915 0.158549
0.830915 0.162977
0.831916 0.167293
0.832916 0.171492
0.833917 0.175567
0.834917 0.179515
0.835918 0.183330
0.836918 0.187007
0.837919 0.190541
0.838919 0.193928
0.839920 0.197163
0.840920 0.200242
0.841921 0.203159
0.842921 0.205910
0.843922 0.208491
0.844922 0.210897
0.845923 0.213125
0.846923 0.215169
0.847924 0.217027
0.848924 0.218694
0.849925 0.220166
0.850925 0.221440
0.851926 0.222512
0.852926 0.223379
0.853927 0.224036
0.854927 0.224482
0.855928 0.224712
0.856928 0.224724
0.857929 0.224515
0.858929 0.224082
0.859930 0.223423
0.860930 0.222535
0.861931 0.221416
0.862931 0.220064
0.863932 0.218476
0.864932 0.216651
0.865933 0.214587
0.866933 0.212282
0.867934 0.209736
0.868934 0.206946
0.869935 0.203912
0.870935 0.200633
0.871936 0.197108
0.872936 0.193336
0.873937 0.189317
0.874937 0.185051
0.875938 0.180537
0.876938 0.175775
0.877939 0.170766
0.878939 0.165510
0.879940 0.160008
0.880940 0.154260
0.881941 0.148267
0.882941 0.142030
0.883942 0.135551
0.884942 0.128830
0.885943 0.121870
0.886943 0.114671
0.887944 0.107237
0.888944 0.099568
0.889945 0.091667
0.890945 0.083537
0.891946 0.075180
0.892946 0.066598
0.893947 0.057795
0.894947 0.048774
0.895948 0.039538
0.896948 0.030089
0.897949 0.020432
0.898949 0.010571
0.899950 0.000508
0.900950 0.009751
0.901951 0.020203
0.902951 0.030844
0.903952 0.041670
0.904952 0.052675
0.905953 0.063855
0.906953 0.075205
0.907954 0.086720
0.908954 0.098396
0.909955 0.110226
0.910955 0.122207
0.911956 0.134331
0.912956 0.146594
0.913957 0.158991
0.914957 0.171514
0.915958 0.184158
0.916958 0.196918
0.917959 0.209787
0.918959 0.222759
0.919960 0.235828
0.920960 0.248987
0.921961 0.262230
0.922961 0.275550
0.923962 0.288940
0.924962 0.302395
0.925963 0.315906
0.926963 0.329468
0.927964 0.343073
0.928964 0.356715
0.929965 0.370386
0.930965 0.384080
0.931966 0.397788
0.932966 0.411505
0.933967 0.425223
0.934967 0.438934
0.935968 0.452632
0.936968 0.466310
0.937969 0.479959
0.938969 0.493573
0.939970 0.507145
0.940970 0.520667
0.941971 0.534132
0.942971 0.547532
0.943972 0.560861
0.944972 0.574111
0.945973 0.587275
0.946973 0.600346
0.947974 0.613316
0.948974 0.626180
0.949975 0.638928
0.950975 0.651555
0.951976 0.664054
0.952976 0.676417
0.953977 0.688638
0.954977 0.700709
0.955978 0.712625
0.956978 0.724379
0.957979 0.735963
0.958979 0.747372
0.959980 0.758600
0.960980 0.769639
0.961981 0.780483
0.962981 0.791127
0.963982 0.801565
0.964982 0.811790
0.965983 0.821797
0.966983 0.831580
0.967984 0.841134
0.968984 0.850453
0.969985 0.859531
0.970985 0.868365
0.971986 0.876948
0.972986 0.885276
0.973987 0.893344
0.974987 0.901147
0.975988 0.908681
0.976988 0.915942
0.977989 0.922925
0.978989 0.929626
0.979990 0.936042
0.980990 0.942169
0.981991 0.948004
0.982991 0.953542
0.983992 0.958781
0.984992 0.963719
0.985993 0.968351
0.986993 0.972675
0.987994 0.976689
0.988994 0.980390
0.989995 0.983777
0.990995 0.986848
0.991996 0.989599
0.992996 0.992031
0.993997 0.994142
0.994997 0.995930
0.995998 0.997394
0.996998 0.998534
0.997999 0.999348
0.998999 0.999837
1.000000 1.000000
